1 0.048394 0.986207 0.224761    1.97152   0.144063   0.060923   0.999906 -0.0105214 0.00806473 0.00342821
1 0.048595 1.00396 0.211818      2.0357   0.0729241   0.0602455    0.999977 -0.00067654  0.00119548  0.00660962
1 0.047583 0.945194 0.172206     2.06144   0.0930958   0.0559513    0.999962 -0.00245131  0.00180668  0.00818767
1 0.046148 0.955658 0.199987    2.12021   0.146159  0.0189242   0.999888 -0.0131073 0.00110818 0.00719415
1 0.047573 0.988296 0.265735     2.19899   0.0634424      0.1265    0.999932  0.00672718 -0.00384817  0.00869222
1 0.045948 0.953897 0.212362    2.27375  0.0888407  0.0309481   0.999817 0.00455012  0.0127773  0.0135054
1 0.120528 1.0326 0.327953       2.588    0.257671      0.1757    0.999366 0.000884368  -0.0204914   0.0291062
1 0.060614 0.935513 0.301502    1.63845  0.0462808  0.0533678   0.999759 0.00904299  0.0079994  0.0183461
1 0.03485 1.02594 0.307986     2.34853    0.133386   0.0733773     0.99978 0.000556383  -0.0059025   0.0201239
1 0.050265 0.989202 0.216009     2.3376  0.0931126  0.0952044    0.99985  0.0101803 -0.0033511  0.0136042
1 0.062774 0.950854 0.22644     2.32687   0.0709264  0.00315507    0.999944  0.00142765 -0.00142512   0.0104186
1 0.065634 0.999651 0.238319    2.31882   0.093047   0.185632   0.999665 0.00224592 -0.0196211  0.0167255
1 0.051222 1.01341 0.270373     2.29741    0.116101   0.0783523    0.999892  0.00442105 -0.00349186   0.0135641
1 0.05371 1.00006 0.237683     2.24483   0.0694853 0.000384482    0.999961 -0.00101941  0.00067317  0.00869876
1 0.051052 0.926766 0.246976    2.25109  0.0196578  0.0895913   0.999733  0.0148973  0.0171264 0.00435759
1 0.051713 0.982698 0.281251     2.15508   0.0495955  0.00444264    0.999954  0.00414408 -0.00359151  0.00781563
1 0.054293 1.04848 0.223479     2.12331    0.104504    0.129831    0.999916  -0.0110602 -0.00584888   0.0034784
1 0.052155 0.92215 0.183031     2.18276   0.0896587   0.0885285    0.999993 -0.00131797  0.00127913  0.00331757
1 0.05101 0.950777 0.270208     2.23272   0.0444359   0.0887734    0.999968 -0.00263004 -0.00638213   0.0041619
1 0.036209 0.97789 0.223279     2.23698    0.106963   0.0684071    0.999965 -0.00620117 -0.00314178  0.00466442
1 0.036737 1.001 0.231471     2.28071    0.101906  -0.0130326    0.999948 -0.00791144  0.00642869 -0.00089249
1 0.050552 0.960802 0.235116     2.34958   0.0283429 -0.00885694    0.999927  0.00200958   0.0110832 -0.00444152
1 0.049999 0.956151 0.222428     2.35192  -0.0290272   0.0280463    0.999925  0.00987212  0.00539116 -0.00476978
1 0.051166 0.977039 0.270546    2.38699 0.00649494  0.0894248    0.99997 0.00430051 0.00590598 0.00282886
1 0.054926 1.08646 0.193069     2.39321   0.0706029   0.0711612    0.999866 -0.00152894  -0.0160401  0.00307411
1 0.050914 0.889419 0.214272     2.45554    0.121216   0.0840267    0.999961 -0.00107575  0.00623602  0.00615358
1 0.062944 0.953891 0.200607     2.38737     0.10039  -0.0240999    0.999985 -0.00326895 0.000219593  0.00442677
1 0.062954 0.995879 0.20466    2.14235 -0.0143145   0.330859   0.998756  0.0217938 -0.0436855  0.0101624
1 0.036141 1.01334 0.209679    2.33845  0.0501705 -0.0230511   0.999795 0.00462807  0.0186762 0.00630114
1 0.049449 0.952138 0.178036    2.21528 -0.0149779   0.102878    0.99985  0.0130358 0.00217909  0.0112352
1 0.048011 0.950745 0.177313      2.17608      0.11856    0.0654927     0.999904 -6.90113e-05  -0.00113129     0.013834
1 0.034003 0.973999 0.185562     2.22597   0.0803308   0.0503788    0.999897  0.00167766 -0.00628365   0.0127628
1 0.149932 0.935817 0.209733     2.39455    0.139686   0.0683085    0.999906 -0.00918439 -0.00322434  0.00970396
1 0.127834 0.90383 0.181747      2.31994    0.0242301    0.0505686     0.999952   0.00191053  -0.00965404 -0.000580354
1 0.042058 0.967483 0.160133     2.29711   0.0646566    0.124183      0.9999 -0.00940166 -0.00961934 -0.00442388
1 0.0305 0.97613 0.175249     2.42581  -0.0100805   0.0400897    0.999936 -0.00320951 0.000333699  -0.0108481
1 0.043478 1.02463 0.173047     2.23146  -0.0534961   0.0838081    0.999922  0.00184437 0.000685492  -0.0123559
1 0.041931 0.942236 0.190978     2.25151   0.0466569   0.0615323    0.999933  -0.0103966 0.000514174 -0.00500353
1 0.028384 0.907938 0.157671     2.24311  0.00664763   0.0319053    0.999927  0.00106009   0.0118865 -0.00190815
1 0.029285 1.00995 0.155147    2.12636  0.0397095 0.00599335   0.999847  -0.012653 0.00769634 -0.0093179
1 0.028014 0.941567 0.121208     2.09897   -0.084599   0.0216097    0.999676 0.000200625    0.013643  -0.0215084
1 0.039334 0.958944 0.156555     1.96798   -0.148762   0.0658536    0.999425  0.00518843 0.000317817  -0.0335156
1 0.036843 0.975695 0.1071      1.94808    -0.150876    0.0694556      0.99926 -0.000325427  0.000744026   -0.0384447
1 0.037466 0.996633 0.131769     1.9238  -0.213637  0.0444396   0.999096 0.00350937 0.00732772 -0.0417355
1 0.028249 1.04594 0.124504    1.90766  -0.182388  0.0178948   0.998575 -0.0052646 0.00973075  -0.052199
1 0.027827 0.944298 0.135357    1.87341  -0.251479  0.0359524    0.99835 0.00164776 0.00415811 -0.0572496
1 0.040853 1.06934 0.139131    1.91038  -0.309541  0.0298667   0.998128  0.0099145 0.00321483 -0.0602613
1 0.041471 0.993948 0.187118      1.9809   -0.231473   0.0964768    0.998879  0.00539534 -0.00338035  -0.0469099
1 0.04608 1.13846 0.151442     2.05636   -0.237901   0.0866486    0.999045  0.00910217 -0.00876347   -0.041834
1 0.033844 0.99717 0.107451    2.17417  -0.273263  0.0440363   0.998868 0.00709888 0.00190381 -0.0469887
1 0.048571 1.03453 0.0989169    2.25319  -0.240958  0.0724427   0.999015 0.00150841 0.00145261 -0.0443217
1 0.035574 0.991226 0.109303    2.31448  -0.234409  0.0377263   0.999315  0.0123837  0.0050473 -0.0344988
1 0.03721 1.07521 0.126037     2.41811  -0.0560926   0.0802044    0.999946   0.0011431  -0.0100077 -0.00273447
1 0.039966 1.06352 0.108386      2.24818    0.0770049    0.0541773     0.999951  -0.00581783 -0.000999295   0.00797287
1 0.04033 0.995935 0.116847     2.36531    0.124151   0.0740182    0.999795  -0.0022499 -0.00445581   0.0196363
1 0.040883 1.00766 0.115731     2.36947    0.170303   0.0565012    0.999731 -0.00867516 -0.00214212   0.0214029
1 0.04066 0.976714 0.153676     2.40319    0.140945   0.0273233    0.999877 -0.00884235   0.0034069   0.0125335
1 0.053255 0.919843 0.136519     2.39972   0.0665925   0.0756802    0.999992 -0.00297845 8.60481e-05  0.00253219
1 0.035818 0.934275 0.135422     2.39358   0.0532313   0.0665916     0.99995  0.00243075 -0.00195462  0.00953545
1 0.036536 0.999788 0.217802     2.41999   0.0915256   0.0530716    0.999895 0.000309203  0.00335015   0.0141156
1 0.038123 1.04585 0.21014     2.38352   0.0901629   0.0766293    0.999953 -0.00375157 -0.00210307   0.0087516
1 0.038644 0.983639 0.159771      2.38227    0.0180272    0.0556536     0.999998  -0.00180375  0.000810221 -0.000424833
1 0.038383 0.990877 0.166702     2.32089  -0.0311169   0.0939614    0.999966  0.00367478 -0.00559259  -0.0048823
1 0.040457 1.08511 0.178452     2.30875 -0.00457684    0.085449    0.999992 -0.00147736  0.00234275 -0.00290599
1 0.039568 0.956893 0.146864     2.21986   -0.048787   0.0756087    0.999886  0.00818676 -0.00926681 -0.00860472
1 0.037485 0.927819 0.129296      2.18157    -0.025052    0.0282792     0.999812  -0.00579243 -0.000939537   -0.0184844
1 0.035972 0.971214 0.159231     2.1148 -0.0564835  0.0584841   0.999918 0.00238024 0.00496804 -0.0115685
1 0.037062 1.00819 0.139069     2.02688  -0.0399134   0.0569438    0.999956  0.00522845  0.00720545 -0.00297028
1 0.0519 1.00326 0.169093     1.93602   0.0450562   0.0635908    0.999957 -0.00859089  0.00168755 -0.00320017
1 0.045916 0.870848 0.164124      1.84201  -0.00532886      0.13287     0.999978 -0.000262977  -0.00644751  -0.00182341
1 0.051139 0.840359 0.246318     1.82755    0.109509    0.110854    0.999612  -0.0240646 -0.00413832  -0.0133965
1 0.042422 1.07809 0.243639     1.7752  -0.142365  0.0645244    0.99957 0.00510294 0.00684662 -0.0280471
1 0.031332 0.999426 0.169174      1.59353    -0.150048    0.0270482     0.999159  -0.00408383 -0.000583418   -0.0407933
1 0.040982 0.89209 0.216136    1.62005  -0.215584  0.0503961   0.999365 0.00153245 0.00466798 -0.0352854
1 0.051828 0.999911 0.227263     1.50726   -0.140019    0.067573    0.999783 -0.00110896 -0.00074066  -0.0207934
1 0.077064 1.00636 0.227522       1.735   0.0114689   0.0465189    0.999972 -0.00171262   0.0064818  0.00333027
1 0.059712 1.15438 0.21348      1.5477    0.305443    0.130434     0.99921 -0.00831766 -0.00226019   0.0387864
1 0.059919 0.942764 0.185421     1.68118    0.196082   0.0705267    0.999542 -0.00453836  0.00424786   0.0296115
1 0.064297 1.10265 0.238303      1.79657    0.0138968     0.108232     0.999928 -0.000413274  -0.00964345  -0.00710131
1 0.054708 1.07353 0.216325      1.84784   -0.0679267    0.0610455     0.999805 -0.000514065 -0.000600614   -0.0197152
1 0.074348 1.05103 0.147595      2.0141  -0.0292182   0.0663653    0.999854 -0.00477676   0.0101837  -0.0128407
1 0.040934 0.978271 0.146069     2.06492  -0.0302216   0.0342423    0.999977  0.00460239  0.00240472 -0.00432975
1 0.041401 1.00398 0.143535     2.18619 -0.00836472    0.070991    0.999937 -0.00523467  0.00179188 -0.00976943
1 0.057938 0.999879 0.13419     2.35889 -0.00959832   0.0283592     0.99987 -0.00254411  0.00908114  -0.0130723
1 0.077374 1.03011 0.138854       2.338  -0.0493275    0.221425    0.999794 -0.00103085  -0.0159161  -0.0125225
1 0.061089 1.0067 0.141414      2.42819   -0.0383009    0.0640887     0.999954 -0.000428172   0.00328317  -0.00901083
1 0.062181 0.989696 0.145941      2.36451    0.0390784    0.0431966     0.999953  -0.00246817 -6.11987e-05  -0.00942998
1 0.057229 0.877092 0.162386    2.29691  0.0671122   0.109241   0.999963 0.00370624 0.00666133 0.00401169
1 0.040976 0.999426 0.1573    2.20409  0.0451522  0.0672298   0.999834  0.0084952 -0.0100203  0.0126146
1 0.053758 0.924446 0.1887     2.20528    0.163083    0.115711     0.99979 -0.00208629 -0.00272353   0.0201966
1 0.037403 0.935671 0.162012    2.17714  0.0887648  0.0157359   0.999823 0.00303604 0.00289849  0.0183459
1 0.067323 1.02466 0.17851      2.20975    0.0836475      0.10886     0.999864 -0.000555446 -0.000611657    0.0164999
1 0.054778 0.976891 0.227952    2.16307   0.123434  0.0276169   0.999878 -0.0119027 0.00753008 0.00670853
1 0.052849 0.972804 0.165031     2.12274  -0.0374626   0.0641577    0.999929   0.0110377 5.70561e-05  0.00450168
1 0.050585 0.958681 0.176353     2.15731   0.0106395   0.0719983    0.999961 5.02806e-05  0.00845248 -0.00257274
1 0.0327 0.851216 0.207537      2.1093   -0.092345   0.0388814    0.999643   0.0179392 -0.00920753  -0.0175492
1 0.045422 1.02524 0.213512     2.13371   0.0344945    0.163628     0.99987 -0.00906631   -0.011837 -0.00624665
1 0.042008 0.89145 0.265004     2.43695   0.0245769   0.0135066    0.999972 -0.00153519  0.00701586 -0.00194792
1 0.04308 1.03752 0.226487     2.02358   0.0372052    0.156627    0.999743   -0.012981 -0.00573688  -0.0176634
1 0.032255 1.03899 0.187761     2.26635  -0.0206676   0.0309846    0.999738 -0.00187465  0.00260523  -0.0226622
1 0.035983 1.08106 0.197275     2.26898  -0.0826712   0.0509676    0.999574 -0.00151378  0.00230981  -0.0290622
1 0.048726 0.952237 0.176347   2.34879 -0.137743 0.0417603  0.999656 0.0144057 0.0156637 -0.015358
1 0.036236 1.01984 0.193569     2.26668  -0.0203463   0.0730578    0.999911  0.00909332 -0.00766904  0.00604161
1 0.050139 1.00338 0.150362      2.33328    0.0962947    0.0993779     0.999773   0.00098142 -0.000825317    0.0212484
1 0.051961 1.0137 0.158696    2.36623   0.154263  0.0673098   0.999736 -0.0115014 0.00110423  0.0198636
1 0.051174 0.939557 0.218029     2.3357    0.22804   0.153043   0.999588 -0.0179554 -0.0119484  0.0189402
1 0.036583 1.00372 0.173987     2.36497    0.199833    0.085255    0.999733 -0.00985315 -0.00447073   0.0204299
1 0.068738 1.00069 0.16979      2.4406   0.0926812    0.112953    0.999989  -0.0030295 -0.00211188  0.00299038
1 0.039979 1.07038 0.194701      2.48948    0.0216964  -0.00655668      0.99987 -3.84006e-05    0.0154778  -0.00445399
1 0.056356 0.990479 0.220574     2.34758  -0.0179998     0.19368    0.999826   0.0116385  -0.0143779 -0.00248418
1 0.056739 0.975708 0.201123     2.42569  -0.0749755  0.00113808     0.99989    0.012605  0.00259335 -0.00735424
1 0.07061 0.945257 0.223093     2.38114  -0.0688625    0.147313    0.999928   0.0112239  0.00147195 -0.00412514
1 0.078641 0.899402 0.237738     2.53574  -0.0624275  -0.0707097    0.999889  0.00633489   0.0118479 -0.00643993
1 0.060647 0.899816 0.240537     2.32456   -0.066411    0.243201    0.999691   0.0156984 -0.00435494  -0.0187639
1 0.040062 0.83557 0.226185      2.44607   -0.0677582 -0.000819044     0.999867 -0.000268416   0.00214379   -0.0161692
1 0.049194 0.931314 0.292451     2.34948   -0.026333    0.227332    0.999623   0.0196736  -0.0189531 -0.00283626
1 0.042952 1.08683 0.3189     2.40392   0.0306566   0.0299006    0.999949 -0.00546564  0.00794556 -0.00308357
1 0.057232 0.968339 0.299864     2.35452    0.086482  -0.0660615     0.99988  -0.0125413  0.00125211 -0.00904233
1 0.063824 1.09528 0.336539     2.26699   -0.046602     0.17082    0.999917   0.0089149 -0.00540346  -0.0076379
1 0.050965 0.969972 0.198259      2.34951   -0.0286588    0.0555592     0.999784  0.000372124 -0.000641653   -0.0207713
1 0.051131 0.97341 0.27084     2.28691   -0.117858    0.106869    0.999881  0.00987614 -0.00471461  -0.0108394
1 0.06802 0.997894 0.240144      2.35939 -0.000920315   -0.0112056     0.999937  -0.00517614   0.00880216  -0.00477114
1 0.050585 0.919904 0.250166     2.32276   0.0781028   0.0729186    0.999931 -0.00223341  0.00919045  0.00701394
1 0.066813 1.01208 0.246939     2.34282   0.0944151    0.164093    0.999927  0.00444949 -0.00831521   0.0075474
1 0.071836 1.0539 0.267311     2.44196   0.0818121   0.0797829    0.999964 -0.00312424  0.00485325  0.00627103
1 0.040487 0.989682 0.226228      2.29816    0.0587059     0.109732     0.999854 -0.000491025   -0.0121586    0.0120408
1 0.04164 1.01437 0.219935    2.38191   0.142404  0.0208074   0.999818 -0.0102156 0.00525205  0.0152301
1 0.041141 0.95954 0.250309     2.32554    0.116806   0.0757844    0.999892 -0.00166044 -0.00311488   0.0142658
1 0.074954 1.00496 0.272721      2.44247    0.0967293    0.0652022     0.999975 -0.000676809   0.00398754   0.00586193
1 0.058743 0.968739 0.203131     2.3559 -0.0175152  0.0659531   0.999936 0.00923442  0.0012013 0.00649791
1 0.056761 0.957124 0.231151    2.28485  0.0182081  0.0501165   0.999933 0.00337373 0.00914294 0.00635302
1 0.053642 0.913073 0.230936     2.24992   0.0597313 -0.00798547    0.999929  -0.0110871  0.00176909  0.00390449
1 0.057873 1.08458 0.252168     2.15177    0.110603    0.162651    0.999608  -0.0196164  -0.0199257 -0.00126854
1 0.044767 1.05396 0.259996     2.22607  0.00617716  -0.0774808    0.999812 -0.00469341   0.0134745  -0.0131574
1 0.041662 0.892677 0.215911     2.05945  -0.0507378   0.0728929    0.999696  0.00264277 -0.00462336  -0.0240661
1 0.074864 1.00397 0.213361     2.02616   -0.132536    0.180413    0.999753   0.0139454 -0.00342057  -0.0169987
1 0.058935 0.988007 0.234569     2.07263  -0.0730711   0.0233076    0.999694 -0.00737035  0.00501341  -0.0231004
1 0.090573 0.963188 0.204946    1.85442  -0.165797    0.12899   0.999447  0.0124875 -0.0102151  -0.029087
1 0.05766 0.992733 0.227829    1.92799  -0.198474 -0.0201561   0.999407 0.00659829 0.00645853 -0.0331887
1 0.056746 0.97811 0.206416     1.77565   -0.185047    0.105995    0.999302  0.00562457 -0.00604297  -0.0364307
1 0.057034 0.980776 0.223747     1.76077   -0.155019  0.00366176    0.999337 -0.00511521 -0.00279465  -0.0359349
1 0.080979 1.09382 0.205816    1.71907  -0.256629  0.0794377   0.999184  0.0230384  0.0162642 -0.0289128
1 0.077895 0.92599 0.242854    1.68792  -0.011654 -0.0128951   0.998687 -0.0277764  0.0105587  -0.041739
1 0.077958 1.00172 0.213813    1.53517  -0.210742  0.0927535   0.999013  0.0158804 -0.0122458 -0.0396285
1 0.059838 0.971254 0.228972    1.65364  -0.253959   0.039223   0.999139  0.0149148 0.00581711  -0.038287
1 0.060018 0.995577 0.182078     1.6268  -0.170295    0.05624   0.999398 0.00395409 -0.0116683 -0.0324499
1 0.04218 0.965749 0.24122      1.69489   -0.0986582    0.0235542     0.999418  -0.00931258 -0.000805741   -0.0328219
1 0.058117 0.946019 0.248976     1.84135    -0.14274  -0.0583674    0.999254 -0.00370849   0.0222574  -0.0313552
1 0.057238 0.98032 0.211208     1.73829   0.0113101     0.11123      0.9991  -0.0266602 -0.00597353  -0.0324627
1 0.062902 1.10273 0.245707     1.78787   -0.240395 -0.00422172    0.999201   0.0302717  -0.0145597  -0.0216822
1 0.063709 0.977995 0.24456    1.94552  0.0175197 -0.0676545   0.999614 -0.0189823  0.0121777 -0.0162622
1 0.062292 0.958441 0.249901     1.95138   -0.152219     0.12554    0.999856   0.0160563  0.00412856 -0.00363321
1 0.062259 0.985614 0.245881     2.04012   0.0774904   0.0977712    0.999857  -0.0153883 -0.00110392 -0.00695516
1 0.063528 1.00952 0.210149     2.05023  0.00692166     0.12454    0.999923   0.0010096  -0.0122498 -0.00187655
1 0.043896 0.941363 0.233668      2.20977   -0.0280962    -0.066188     0.999793   0.00999034    0.0176989 -0.000903145
1 0.062109 0.98939 0.262867      2.08007   -0.0177174     0.236864     0.999655   0.00644654   -0.0254583 -0.000558117
1 0.061228 0.958943 0.244562     2.26138   0.0366041  -0.0211318    0.999974 3.77185e-05  0.00716454  0.00111507
1 0.066213 1.09043 0.262111    2.26714 0.00236872  0.0405793   0.999938  0.0106844  0.0011627 0.00308049
1 0.263086 0.917185 0.218753      2.39681    0.0317376    0.0609749     0.999918     0.012849  0.000571807 -8.83232e-05
1 0.291774 0.973868 0.226904      2.05042    0.0361093    0.0764726     0.999925  -0.00487079    0.0112803 -0.000519064
1 0.060957 0.977303 0.221268     2.39921  -0.0500484  0.00995775    0.999906   0.0126564 -0.00219017 -0.00478153
1 0.059189 0.957494 0.218715     2.44895    0.014201    0.148125    0.999963 -0.00535542  0.00220715 -0.00637388
1 0.351126 0.986639 0.239842      2.60599 -0.000979501    0.0558297     0.999955  -0.00128809  -0.00223181   -0.0092015
1 0.313152 0.974077 0.263511     2.02163  0.00854304    0.110433     0.99991 -0.00442933  -0.0110152 -0.00637594
1 0.041384 0.977069 0.262986     2.39587  0.00808582   0.0607123    0.999895 -0.00654949  -0.0099577 -0.00829786
1 0.061922 1.06278 0.265667     2.40137  -0.0643946    0.124402    0.999925   0.0064067  0.00545186 -0.00895463
1 0.076746 0.922084 0.203615      2.28823   -0.0968217    0.0658872     0.999892  0.000477315 -0.000452389   -0.0147048
1 0.060159 1.00327 0.172631      2.26007   -0.0267769    0.0727625     0.999933 -0.000433895 -0.000211426   -0.0115211
1 0.078216 0.986359 0.264481     2.4058 -0.0951526  0.0502583   0.999887 0.00283439 0.00438405 -0.0140855
1 0.042505 0.94476 0.239949    2.35234  -0.064954  0.0256071   0.999881 0.00289861  0.0106011 -0.0108282
1 0.041945 0.978267 0.246684     2.34591  -0.0189624   0.0845664    0.999938 -0.00533423   -0.005635 -0.00803158
1 0.059225 0.993142 0.268392     2.37986 -0.00226497   0.0929674    0.999975 -0.00266597 -0.00594205 -0.00292358
1 0.041323 0.944751 0.273201     2.32111 -0.00160334   0.0998436    0.999933 9.76024e-05 -0.00934863 -0.00681714
1 0.081829 1.0687 0.289943     2.3205  -0.143777  0.0943861   0.999879 0.00503189 0.00237609 -0.0145413
1 0.061174 0.913834 0.244944    2.33436  -0.145713 -0.0142122   0.999745  0.0115418  0.0126218 -0.0147523
1 0.076528 0.959305 0.268585     2.20203  -0.0627893    0.169641    0.999702 -0.00608386  0.00389318  -0.0233167
1 0.060996 1.00883 0.296522    2.23512  -0.162754  0.0297575   0.999461 0.00900177 0.00263647 -0.0314539
1 0.04238 0.945729 0.232797     2.28847   -0.126606  -0.0152588    0.999462 -0.00334648   0.0123682  -0.0301859
1 0.059465 1.00105 0.265912    2.15723  -0.175296   0.201609   0.999384 0.00983282 -0.0218078 -0.0256689
1 0.058729 0.96437 0.246132      2.33515   -0.0969487   0.00979336     0.999785 -0.000889108    0.0040201   -0.0203229
1 0.054702 0.901918 0.232753    2.33766 -0.0666422 -0.0520911   0.999783 -0.0073979  0.0134327 -0.0140937
1 0.056462 1.03263 0.288033     2.28852 -0.00176329     0.13364      0.9997  -0.0120283  -0.0138574  -0.0162555
1 0.055009 0.963043 0.232993     2.28953  -0.0159202      0.1181     0.99967  -0.0112252 -0.00705629  -0.0219817
1 0.040098 0.998286 0.278511    2.25272  -0.110006  0.0741921   0.999628  0.0018706 -0.0071877 -0.0262338
1 0.056667 0.993463 0.214097     2.23877   -0.119233   0.0606398    0.999512 -0.00167371 -0.00118449   -0.031162
1 0.060525 1.03022 0.26471     2.17452   -0.131409    0.123909    0.998873 -0.00776607 -0.00799246  -0.0461344
1 0.062507 1.00736 0.227034      2.14259    -0.252352 -0.000447523     0.998652     0.010484   0.00230318   -0.0507893
1 0.061565 0.972241 0.240194     2.39599   -0.263076  0.00395613    0.998204 0.000446499  0.00210938  -0.0598605
1 0.060508 0.965899 0.271044    1.69403  -0.246319  0.0806279    0.99864 0.00455352 0.00171678 -0.0519031
1 0.19202 0.921413 0.275995    2.09649  -0.245376 0.00139874   0.997473  -0.013517 0.00890699 -0.0691866
1 0.043404 0.996363 0.423623     1.38871   -0.235656   0.0472388    0.998238   0.0088478 0.000692708  -0.0586684
1 0.04134 0.93369 0.223808     1.8178  -0.299584  0.0311096   0.996387 -0.0125675 0.00242644 -0.0839619
1 0.07863 0.850582 0.540831    4.90504    -1.7142  -0.240366   0.976975 0.00871011  0.0178912  -0.212425
1 0.042035 0.889036 0.469989   0.0140243  -0.0140216  -0.0172775    0.999963   0.0050934 -0.00665279 -0.00203292
1 0.059135 0.887753 0.435922   0.420057 -0.0381111  -0.110054   0.999608 -0.0180009 0.00485347 -0.0208698
1 0.059779 1.03144 0.295621     1.93865   -0.420494    0.124001    0.996554   0.0204755 -0.00366159  -0.0802963
1 0.059968 0.960444 0.280899     2.03454   -0.288439   -0.102357     0.99718 -0.00698493  0.00457602  -0.0745843
1 0.059013 0.934841 0.282877    2.12958   -0.27182  0.0914793   0.998736  0.0197871 0.00311471  -0.046106
1 0.059234 0.990994 0.280151    2.29014  -0.156875  0.0658814   0.999669  0.0119317 0.00476021 -0.0222831
1 0.061318 1.01174 0.278353      2.3869 -0.00915677   0.0595196    0.999959   0.0081832 -0.00180504 -0.00355972
1 0.040832 0.87298 0.251165     2.56764  -0.0252129  -0.0166735    0.999812  0.00427463   0.0183215 -0.00471497
1 0.071567 0.927693 0.300925     2.62615    0.114689   0.0909714    0.999859  -0.0164569  0.00307626 -0.00140514
1 0.074674 1.00846 0.381309     2.55176    0.069125   0.0980336    0.999609 0.000492194  -0.0247976   0.0129141
1 0.09058 0.95029 0.305722     2.6213  0.0531601 0.00606025   0.999704 0.00913368  0.0135176  0.0180443
1 0.075601 1.01042 0.292849    2.36411   0.116115   0.122895   0.999807  -0.013948 -0.0126536 0.00561212
1 0.059396 0.960849 0.279282     2.39257   0.0298064   0.0824466    0.999977  0.00334318  0.00584331 -0.00014514
1 0.043673 1.02471 0.243862     2.20733   0.0556537   0.0680155    0.999987 -0.00399747   0.0013766 -0.00279531
1 0.06266 0.983422 0.232021    2.13745 -0.0587962 -0.0272897   0.999884  0.0100088  0.0112782 0.00239053
1 0.061606 0.934888 0.258221    1.88362  0.0102937   0.153425   0.999792 0.00633259 -0.0152334  0.0120272
1 0.058671 0.925466 0.194608    1.95248   0.024056 -0.0125838   0.999902  0.0044652  0.0118345 0.00595925
1 0.07393 0.989861 0.194689      1.84404    -0.044455     0.112468     0.999999  0.000305495 -0.000259584   0.00142041
1 0.040816 0.988834 0.204582      1.86712    0.0459614    0.0123392     0.999919    -0.012452 -0.000513615  -0.00249192
1 0.074782 0.978934 0.223337     1.83518  -0.0416122    0.160056    0.999975  0.00679994 -0.00097977 -0.00146646
1 0.058949 0.994931 0.212698     1.81477   0.0581029  -0.0106448     0.99991  -0.0126672 -0.00205567  -0.0038408
1 0.044184 1.04425 0.237041     1.80437   0.0350131   0.0436562    0.999967 -0.00795207 0.000337092  0.00176569
1 0.083276 0.991265 0.212348     1.9284 -0.0375052  0.0897314    0.99997 0.00655113 0.00152824 0.00397801
1 0.076485 0.878012 0.235758       1.6772    0.0148416   -0.0642234     0.999969  -0.00693577   0.00375894 -0.000242936
1 0.077792 1.0104 0.234795      1.70529  -0.00861415     0.183489     0.999967 -0.000677524  -0.00735416   0.00351729
1 0.0783 1.00587 0.242869     1.64603  -0.0206316    0.278533    0.999918  0.00347956  -0.0120491 -0.00251596
1 0.078457 0.988641 0.205238     1.72142   0.0412636   -0.131664    0.999963 -0.00756079  0.00291854   0.0028456
1 0.060229 0.966509 0.178914     1.71333   0.0451917  -0.0474245    0.999933 -0.00546267  0.00971325  0.00321697
1 0.0632 1.0029 0.216721     1.66813  -0.0359272   0.0852871    0.999787   0.0154417 -0.00382338   0.0131406
1 0.046235 1.01946 0.221275     1.74316   0.0827195 -0.00828752    0.999846 -0.00399195  0.00799663   0.0150795
1 0.064096 1.00064 0.177681     1.73771   0.0565739   0.0218276    0.999799  0.00602951 -0.00910555   0.0168241
1 0.061099 0.898759 0.227926     1.87781    0.114956   0.0237249    0.999812 -0.00160174  0.00797424   0.0175854
1 0.058675 0.96081 0.200203     1.84024   0.0472311   0.0635647    0.999878 9.16453e-05 -0.00208971   0.0154921
1 0.040761 0.943007 0.205645     1.94504    0.122293   0.0251097    0.999933 -0.00409997  0.00231414   0.0105873
1 0.058134 1.01122 0.201726     1.86438   0.0323563     0.12351    0.999834 0.000629008  -0.0146116    0.010919
1 0.075822 0.979066 0.185103    2.13014  0.0374075  0.0454567    0.99989 0.00395649  0.0115302 0.00844462
1 0.078971 1.01932 0.204248     2.09264    0.131191   0.0785735    0.999889  -0.0119304 -0.00501447  0.00743084
1 0.06167 0.993444 0.215185    1.78123  -0.026047  0.0203366   0.999949 0.00689227 0.00104407 0.00731729
1 0.064014 1.03823 0.213622     1.96515    0.122062    0.102427    0.999748 -0.00948494  -0.0161072   0.0124094
1 0.06195 0.935298 0.163328      2.03261    0.0753187  -0.00169564     0.999794 -0.000206904  0.000408578    0.0202798
1 0.061944 0.990519 0.191377      2.0802    0.168573   0.0199566    0.999729 -0.00875488   0.0132286   0.0170661
1 0.044282 0.987772 0.179044      2.04983    0.0552452   0.00785173     0.999964   0.00398161 -0.000748745   0.00747308
1 0.044617 1.00078 0.199804      2.11987    0.0159595     0.104148     0.999969   0.00508735  -0.00587187 -0.000958373
1 0.045484 1.01396 0.135539      2.08695   -0.0178529    0.0235655     0.999957 -0.000393158  0.000589645  -0.00928737
1 0.047356 1.00663 0.187644     2.11019  -0.0450489   0.0801986    0.999941  0.00458451 -0.00368695 -0.00909374
1 0.047333 1.00067 0.129107      2.15797   -0.0253356    0.0345362     0.999975  0.000406066 -0.000639211  -0.00706178
1 0.04845 0.994069 0.20126      2.17883    0.0136908    0.0822306     0.999997   0.00113963  -0.00214939 -0.000774109
1 0.065026 0.92535 0.191511     2.25292   0.0280759  -0.0329712    0.999953 -0.00568749  0.00779337 0.000335301
1 0.046294 0.994675 0.193479     2.24101  0.00631653   0.0750026    0.999974  0.00401507 -0.00473116 -0.00378252
1 0.065317 0.982903 0.169013     2.23186  -0.0167634   0.0504427    0.999914   0.0124639 0.000895397 -0.00406251
1 0.045912 0.965528 0.156155      2.20531    0.0576667    0.0117834     0.999999  -0.00055736  0.000412359 -0.000954853
1 0.066875 1.01726 0.19271      2.11283    0.0506302    0.0669161     0.999995   0.00133788  -0.00283014 -0.000879854
1 0.068304 0.992854 0.204552     2.14808   0.0551651 -0.00717118    0.999975 -0.00666165  0.00229509 0.000758111
1 0.048028 0.96416 0.172073     2.09351   0.0712165   0.0615971    0.999947 -0.00349132 -0.00758978  0.00605179
1 0.087629 0.973676 0.219521     2.16493    0.128741   0.0492792    0.999888 -0.00825784   0.0111587  0.00563638
1 0.103443 0.948901 0.197106     2.12143   0.0209244   0.0520717    0.999905   0.0122635 -0.00276697   0.0057513
1 0.047235 0.987166 0.225458      2.09346    0.0789641    0.0116166     0.999928   -0.0113543   -0.0038384 -0.000997116
1 0.047303 0.987119 0.195839     2.07803  0.00106371      0.0787    0.999957   0.0047522  0.00046783 -0.00792322
1 0.046805 0.955591 0.241753     2.05054    0.035156  0.00784388    0.999981  0.00051096  0.00566244 -0.00256113
1 0.068189 1.02729 0.213903     1.99922 0.000260077     0.23073    0.999796   0.0180469 -0.00237701  0.00879412
1 0.065157 0.914644 0.22918    2.07917   0.144059 -0.0951077   0.999742 -0.0119765  0.0172971 0.00856483
1 0.065233 1.00141 0.235207     1.86664    0.026621   0.0327461    0.999863  0.00400046  -0.0158931 -0.00245887
1 0.067935 1.01309 0.230643      1.8545    0.149166  0.00800295    0.999648  -0.0239663 -0.00296432  -0.0109858
1 0.065084 0.941183 0.222989    1.67121 0.00141886   0.112498   0.999621 0.00911217 -0.0251394 0.00660927
1 0.067209 1.00284 0.266844     1.77815    0.166509  -0.0797723    0.999602  -0.0187074   0.0211121 0.000504455
1 0.065429 0.960256 0.231764     1.57666  -0.0923938     0.22309    0.999577   0.0273419 -0.00932234  0.00330977
1 0.065449 1.00111 0.246169      1.53259    0.0881762   -0.0663427     0.999967  -0.00704125 -4.10407e-05   0.00413756
1 0.068215 1.01469 0.214868     1.57543  -0.0661569   0.0548459    0.999806   0.0187907  0.00565934 -0.00192807
1 0.086539 0.924951 0.220518     1.55848  0.00851776   0.0832219    0.999979  0.00643513 -0.00119559  0.00033528
1 0.068341 1.03432 0.216156      1.6052   0.0640715   0.0719778    0.999947 -0.00845193 -0.00553882  0.00186934
1 0.065481 0.927394 0.24107     1.74528 -0.00479471  -0.0490628    0.999967  0.00674133  0.00446613 0.000395402
1 0.045674 0.97302 0.225359     1.83494    0.086344   0.0126637    0.999922 -0.00312056   0.0101996  0.00649767
1 0.06483 0.986914 0.197196     1.80912   0.0212212   0.0140242    0.999919 -0.00164568   -0.012285 -0.00292122
1 0.083895 0.988549 0.232777      1.91736    0.0176468    0.0789607     0.999994   0.00345463 -7.05507e-05  -0.00116898
1 0.086439 1.00073 0.227719     1.96142   0.0274425   0.0431338     0.99992 -0.00970228 -0.00493034  -0.0065255
1 0.069331 1.01785 0.249479     2.11627   0.0624496   0.0463059    0.999949 -0.00388765  0.00922935 -0.00144831
1 0.069875 0.990242 0.22702     2.07432   0.0381781   0.0424315    0.999974  0.00381315 -0.00562214  0.00229237
1 0.070061 0.945117 0.219951     2.20485   0.0625503    0.119038    0.999867 0.000876074    0.015771  0.00415836
1 0.065538 0.942776 0.215353    2.15565   0.122138 -0.0522935   0.999857 0.00068429 0.00202336  0.0167906
1 0.063498 0.950107 0.205079     2.11297    0.156327   0.0813399    0.999947 -0.00758072  0.00346618  0.00610254
1 0.06336 0.993544 0.209785     1.93361  -0.0405419   0.0883683    0.999712  0.00135977  -0.0218048 -0.00998028
1 0.044329 0.960207 0.226717    1.86447 -0.0275609   0.114812   0.999881 0.00558567 -0.0141305 -0.0025227
1 0.046614 1.00351 0.26163     1.94618    0.148285  -0.0781691     0.99941  -0.0241635   0.0234531 -0.00674956
1 0.047607 1.04048 0.201403     1.81123   -0.048647    0.101528    0.999892   0.0138123 -0.00345918 -0.00377092
1 0.068887 0.987135 0.193155     1.88455   0.0598185 -0.00269179    0.999707  -0.0120533 -0.00560051  -0.0202246
1 0.122626 0.940958 0.225989      2.09286    -0.111534    0.0468097     0.999767     0.013786 -0.000568094   -0.0166329
1 0.141876 1.00308 0.155505     1.90125   0.0391418   0.0489337           1 0.000359293 -0.00013795 0.000564491
1 0.063968 0.938649 0.226553     2.12636  0.00309066   0.0425497     0.99996  0.00339235  0.00640304 -0.00528681
1 0.045053 0.972473 0.256139      2.22069    0.0448605    0.0664591     0.999979  -0.00351435   0.00546601 -0.000841356
1 0.061967 0.956638 0.206074      2.22443    0.0733401    0.0998285     0.999844    0.0110372 -0.000470754     0.013759
1 0.043712 0.979943 0.200108       2.2503    0.0254949    0.0575873     0.999959   0.00598409 -9.28889e-05   0.00682709
1 0.159531 1.0452 0.198021   2.47112 0.0281142 0.0428697  0.999862  0.012036 0.0048708 0.0104075
1 0.149361 0.913692 0.184617    1.97467  0.0419068  0.0263212   0.999874 0.00116774  0.0106059  0.0117274
1 0.061982 1.01338 0.206502     2.08348    0.125891    0.108129    0.999751 -0.00407101 -0.00761488   0.0205986
1 0.058961 0.922712 0.189898     2.10732   0.0515602  -0.0461458    0.999718   0.0104189 -0.00138516   0.0213113
1 0.060624 0.990681 0.249581     2.06943    0.157152     0.17448    0.999782  -0.0194102 -0.00143119  0.00756594
1 0.060048 0.996081 0.224318     2.02604   0.0218797   0.0421827    0.999812 -0.00954331  -0.0164886  -0.0036751
1 0.077826 0.975787 0.193419     2.04695  -0.0457295    0.112846    0.999977  0.00185328  -0.0016779 -0.00633575
1 0.061037 0.982035 0.211134     2.00817  -0.0298291  -0.0389892    0.999978 -0.00362773  0.00308513 -0.00472668
1 0.063627 1.03414 0.210492     2.03556   0.0716611   0.0243078    0.999798  -0.0113051   0.0153829 -0.00623726
1 0.063861 0.971627 0.178448      2.15725   -0.0893672    0.0702142     0.999878     0.015159  -0.00369544 -0.000655746
1 0.095701 0.931259 0.187805     1.89684    0.087426    0.121897    0.999925 -0.00283994  -0.0083304   0.0084929
1 0.041667 0.947749 0.197756    2.15851   0.032122 -0.0376501   0.999872 0.00831107   0.008676    0.01055
1 0.056936 0.96491 0.193892     2.21146   0.0487939    0.163022    0.999952  0.00383964 -0.00705334  0.00559028
1 0.040426 0.96458 0.175855     2.34234   0.0944488  -0.0134114    0.999915 -0.00807038  0.00862299  0.00561537
1 0.086921 0.954346 0.188994    2.23174  0.0749502   0.227534   0.999773 0.00574769 -0.0147025  0.0143481
1 0.055736 1.0021 0.200961    2.20578   0.186229  0.0241544   0.999828 -0.0121481 0.00333087   0.013611
