1 0.205271 0.984474 0.27728    1.25415   0.136301  0.0347885   0.999909 -0.0100381 0.00838784  0.0033725
1 0.294202 1.0041 0.234099     1.73893    0.231348   0.0554526    0.999959 -0.00156157  0.00115669  0.00890365
1 0.338457 0.945607 0.167532      2.00535    0.0830568    0.0155517     0.999961 -0.000532618   0.00134723   0.00882618
1 0.265866 0.954431 0.253981    1.46436   0.228456 -0.0157105   0.999881 -0.0136522 0.00182362 0.00707697
1 0.296719 0.989467 0.297973     1.81972  -0.0348288    0.102885    0.999966  0.00544491 -0.00253298  0.00571063
1 0.340215 0.953393 0.218653    1.94652   0.133744 0.00889425   0.999796 0.00524145  0.0129713   0.014635
1 0.293254 1.03186 0.34786     1.12018    0.239966   0.0705468    0.999393 -0.00127501  -0.0163033   0.0307819
1 0.226493 0.935165 0.331863    1.10024  -0.151321  0.0364978   0.999753 0.00788418  0.0093499  0.0185715
1 0.265446 1.02385 0.327886      1.3953   0.0609812   0.0145123    0.999747 7.31943e-05 -0.00315624   0.0222666
1 0.31301 0.989339 0.236915       1.861    0.216344    0.035377    0.999839   0.0116823 -0.00411915   0.0130516
1 0.277928 0.951057 0.257345     1.58905  -0.0178931  -0.0458063    0.999928  0.00161887 -0.00125514   0.0118286
1 0.402068 0.998465 0.254021    2.05682  0.0974206    0.17058   0.999686 0.00223134 -0.0180668  0.0172625
1 0.240454 1.00606 0.343218     1.11946    0.212316   0.0379486    0.999919  0.00510199 -0.00252472   0.0114683
1 0.323248 1.00143 0.282571     1.56063    0.191387   0.0105716    0.999941 -0.00379955  0.00280264  0.00985306
1 0.128306 0.926448 0.40485   0.510153  0.0379794  0.0564955   0.999684  0.0154921  0.0193216 0.00427585
1 0.251102 0.982168 0.302538     1.19543   0.0575581  -0.0295964    0.999938  0.00190031 -0.00174413   0.0108949
1 0.453363 1.04888 0.231409     1.90875   0.0800472    0.136209    0.999902   -0.012012 -0.00635733  0.00355903
1 0.329458 0.921841 0.220423     1.67946    0.246939   0.0638157    0.999992 -0.00127254  0.00209495  0.00352299
1 0.082678 0.942878 0.419576    0.239483  0.00261449   0.0156259    0.999983 -0.00138936 -0.00290832  0.00481035
1 0.419859 0.977224 0.220648     2.09302     0.10874   0.0852245    0.999949 -0.00763522 -0.00471936  0.00506748
1 0.378351 1.00261 0.262189     1.68319   0.0822663  -0.0485205     0.99993 -0.00815681  0.00839489 -0.00167562
1 0.377202 0.960541 0.239425      2.18996    0.0786923    -0.017728     0.999922 -1.21436e-05    0.0120445  -0.00357923
1 0.284624 0.95755 0.290315    1.41002  -0.180321 -0.0600233   0.999942 0.00911397 0.00562692 0.00150778
1 0.358917 0.974859 0.285951    1.95732  -0.125251  0.0634441    0.99994 0.00566317 0.00681813 0.00647179
1 0.433201 1.08591 0.191895     2.26692   0.0501412   0.0436112     0.99987 -0.00245758  -0.0155015  0.00396954
1 0.435748 0.889667 0.230249      2.12963     0.153624    0.0545831     0.999944 -0.000693391   0.00766508     0.007455
1 0.400275 0.953346 0.231664     1.81921   0.0764525  -0.0797745    0.999961 -0.00477525 6.05889e-05  0.00753424
1 0.409937 0.996229 0.223576     1.7814 -0.0552259   0.286254    0.99876  0.0226653 -0.0425178  0.0125673
1 0.427468 1.01382 0.209619     2.21552   0.0616758 -0.00488284    0.999824  0.00454414   0.0167542   0.0073404
1 0.404907 0.952999 0.190591    2.00268  -0.116419  0.0639356   0.999839  0.0116967 0.00362466  0.0132029
1 0.282791 0.95095 0.236342      1.37277     0.247799   0.00101129     0.999853 -0.000960759  0.000403892    0.0171188
1 0.323634 0.971188 0.219644     1.70252   -0.217116 -0.00868678    0.999833 0.000248631   -0.003793    0.017926
1 0.327683 0.937231 0.24064     1.68991   0.0318204   0.0100414    0.999866 -0.00960689 -0.00119474   0.0132615
1 0.282257 0.90383 0.18245      2.32304    0.0265188    0.0509241     0.999952   0.00192339   -0.0096603 -0.000585017
1 0.327269 0.967242 0.159487     2.23222   0.0727529    0.128736    0.999906 -0.00935677 -0.00925434 -0.00419991
1 0.291457 0.976457 0.172624     2.34547 0.000367546   0.0510655    0.999946 -0.00285276 -0.00107184  -0.0100721
1 0.329563 1.02512 0.174865     2.14867  -0.0689847   0.0894819    0.999944  0.00185924 0.000740555    -0.01051
1 0.291179 0.941762 0.189971     2.13962   0.0552603   0.0517298    0.999944  -0.0101612  0.00124068 -0.00302548
1 0.269164 0.908679 0.16558    2.16351 -0.0195332   0.062343   0.999943 0.00059518  0.0107431 0.00105321
1 0.282403 1.01057 0.174831     1.85057   0.0185535 -0.00899879    0.999878  -0.0132834  0.00808498 -0.00204276
1 0.266882 0.941654 0.12061      2.01691    -0.130622    0.0432796     0.999683 -0.000367094    0.0132427   -0.0214334
1 0.258372 0.959758 0.1951      1.41405    -0.210162    0.0453587     0.999631    0.0019825 -0.000841246   -0.0271139
1 0.273529 0.976155 0.108177    1.88806  -0.152324  0.0527101   0.999312 0.00156432 0.00182964 -0.0370163
1 0.290784 0.997288 0.136852    1.79498  -0.200446  0.0500149   0.999183 0.00278112 0.00792637 -0.0395318
1 0.268812 1.04714 0.125924     1.76998   -0.209845  0.00122162    0.998647 -0.00948168  0.00681741  -0.0506774
1 0.24115 0.944123 0.141793    1.69477  -0.248939  0.0394381   0.998562  0.0044849  0.0019921 -0.0533907
1 0.309635 1.07008 0.141125    1.86586  -0.269998   0.029174   0.998274 0.00780323 0.00556208 -0.0579479
1 0.286268 0.995397 0.190524     1.91504   -0.217262    0.131795    0.999044  0.00905529 -0.00574343  -0.0423902
1 0.299263 1.13829 0.150476     1.98762   -0.199948   0.0864081    0.999075  0.00737986 -0.00675644  -0.0418496
1 0.33957 0.99717 0.10729    2.12512   -0.26002  0.0868932   0.998889  0.0102265  0.0021063 -0.0459873
1 0.354236 1.03445 0.0990893      2.20531    -0.219191    0.0781102     0.999097 -0.000255162   0.00176022   -0.0424849
1 0.373837 0.992665 0.097917    2.21967  -0.217864  0.0679667   0.999451  0.0160721 0.00124448 -0.0289978
1 0.429391 1.07622 0.11846       2.234 -0.00152966   0.0905412    0.999938 -0.00235248  -0.0104897   0.0029437
1 0.455384 1.06399 0.108108      2.20263     0.069819    0.0647124     0.999937  -0.00453577 -2.99354e-06    0.0103177
1 0.4579 0.997061 0.117781       2.3003     0.155913    0.0912215     0.999675 -0.000373261  -0.00612484    0.0247541
1 0.453622 1.0081 0.120402     2.25273    0.154713    0.073746    0.999688 -0.00884264 -0.00117966   0.0233866
1 0.421605 0.977206 0.143924     2.3346   0.145188  0.0357441   0.999844  -0.011819 0.00751591  0.0108271
1 0.448126 0.919968 0.126515      2.29673    0.0205573    0.0995766      0.99998 -0.000617759  -0.00460161   0.00442846
1 0.366683 0.935621 0.138201      2.33932    0.0682377    0.0697784     0.999911   0.00235555 -4.26651e-05    0.0132059
1 0.331204 1.00169 0.223275    2.34961   0.103477  0.0817268   0.999856 0.00455885 0.00173298  0.0163032
1 0.375372 1.04654 0.2049       2.303    0.120462    0.117289    0.999922 -0.00916395 -0.00416631  0.00755091
1 0.362008 0.98403 0.160607      2.30704 -0.000175391     0.069317     0.999992  -0.00308389   0.00265012 -0.000749915
1 0.367631 0.991472 0.151678     2.25356  -0.0637037     0.12375    0.999869   0.0123501  -0.0101596 -0.00285418
1 0.380277 1.08564 0.169675     2.25284   0.0384345   0.0949268    0.999957 -0.00832582   0.0037328 -0.00192853
1 0.35207 0.956893 0.137999     2.16261  -0.0633806   0.0374117     0.99981   0.0130233 -0.00977406   -0.010775
1 0.343188 0.927439 0.11304     2.12451  -0.0407766    0.035883    0.999851 -0.00144583 0.000821589  -0.0172446
1 0.31273 0.971965 0.130842     2.01809 0.000843899   0.0860617    0.999955 -0.00411718  0.00162765  -0.0084854
1 0.300775 1.00861 0.129447      1.94528   -0.0338168    0.0599911     0.999956   0.00900799   0.00296818 -0.000497436
1 0.273817 1.00422 0.16282     1.87479   0.0511883   0.0967152    0.999965  -0.0069662  0.00405148 -0.00239511
1 0.244111 0.872083 0.162988      1.77563   0.00471123     0.165069     0.999945 -0.000188941   -0.0105071 -0.000751569
1 0.171105 0.840437 0.246675    1.75021   0.127882   0.125471   0.999588 -0.0249037 -0.0040316 -0.0137704
1 0.18124 1.07979 0.247554     1.73257   -0.166354   0.0801238    0.999521 0.000260223   0.0092283  -0.0295682
1 0.17156 0.999836 0.160789     1.55423   -0.179055  0.00932868    0.999206 -0.00232758  0.00179614  -0.0397392
1 0.172478 0.893297 0.192243     1.56765   -0.216659    0.100644    0.999432 -0.00203125 6.56685e-05  -0.0336497
1 0.167698 0.999555 0.21667     1.43783   -0.210263   0.0579446     0.99984  0.00169941 -0.00134028  -0.0177577
1 0.138443 1.00601 0.21969     1.62302  -0.0244525   0.0342899    0.999958 -0.00495457  0.00656591   0.0041996
1 0.199726 1.15455 0.207393      1.50455     0.314843     0.157321     0.999135    -0.006419 -0.000391484     0.041089
1 0.194165 0.943428 0.154397     1.64664    0.154253   0.0386737    0.999648 -0.00077002 0.000450178    0.026544
1 0.216681 1.10327 0.225594    1.78943  0.0212117   0.101177   0.999877 -0.0038853 -0.0104928 -0.0110075
1 0.248284 1.07547 0.21189     1.82633  -0.0580222   0.0664485    0.999851  0.00414598 0.000911734  -0.0167532
1 0.317958 1.05109 0.147599     1.97804 -0.00535156   0.0748018    0.999861 -0.00559131   0.0104129  -0.0118099
1 0.335163 0.978933 0.146058     2.01312  -0.0116549   0.0106938    0.999996  0.00119696 0.000950207 -0.00252492
1 0.373424 1.0041 0.142828     2.17739  -0.0333252    0.103673    0.999923 -0.00642153  0.00423843 -0.00982369
1 0.390223 0.99994 0.133521     2.31834 -0.00417492   0.0410792     0.99988 6.91055e-06    0.010171  -0.0117933
1 0.436883 1.03029 0.140778     2.25444  -0.0585822    0.248484    0.999828 -0.00149489  -0.0145917  -0.0114328
1 0.47651 1.0067 0.131987      2.35381   -0.0725792    0.0715406     0.999965   0.00169134 -0.000371987  -0.00832844
1 0.490051 0.992056 0.139616     2.32867   0.0640166 -0.00181778    0.999929 -0.00890841  0.00564792 -0.00568512
1 0.247846 0.876632 0.226053    1.58394   0.180728  0.0908108   0.999889 0.00612768 0.00052191  0.0136151
1 0.412515 1.00491 0.151922      2.15085    0.0295916    0.0322255     0.999787   0.00981133 -0.000181109     0.018194
1 0.367696 0.925067 0.195844     2.16298    0.230404    0.143684    0.999749 -0.00310027 -0.00307406   0.0220002
1 0.328583 0.935737 0.15513     2.16213   0.0638086   0.0456784    0.999808 0.000942623 0.000879427   0.0195744
1 0.333301 1.02508 0.181898     2.15948   0.0659898   0.0897662    0.999858 -0.00143595 0.000123887    0.016849
1 0.323201 0.977751 0.2093     2.04905     0.07894   0.0740674    0.999939 -0.00918955  0.00180348  0.00603695
1 0.315089 0.97267 0.162044    2.06847 -0.0527316   0.047181   0.999947 0.00839061 0.00281094  0.0054306
1 0.302941 0.958544 0.175703     2.06171  0.00900546   0.0964843    0.999973  0.00123658  0.00702673 -0.00234598
1 0.291088 0.854053 0.185818      2.05904   -0.0243274  -0.00573373     0.999769    0.0164701 -0.000231249   -0.0138858
1 0.256804 1.02745 0.20223     2.03312   0.0522511    0.172644    0.999854 -0.00677543  -0.0152698 -0.00381197
1 0.270625 0.893108 0.232163     2.3482  0.0451308  0.0133721   0.999905 -0.0045766   0.012914 -0.0020867
1 0.242765 1.03725 0.207979     1.94327   0.0399972     0.17724    0.999663  -0.0159713 -0.00929659  -0.0182829
1 0.260294 1.04248 0.200628     2.2125 -0.0186931  0.0278976   0.999719 0.00616147 0.00195698 -0.0228245
1 0.301606 1.08129 0.189155     2.26685  -0.0844246   0.0186712    0.999638 -0.00115403  0.00659056  -0.0260812
1 0.309722 0.953998 0.177309    2.30955  -0.175124  0.0573383   0.999681   0.016936   0.014715 -0.0116683
1 0.318016 1.02365 0.161734      2.2478   0.0096525   0.0511149    0.999899  0.00324735 -0.00671307   0.0122093
1 0.295562 1.00331 0.157876      2.2202   0.0148615    0.108173    0.999711  0.00186779 -0.00140428   0.0239697
1 0.343758 1.01404 0.160293    2.32201   0.118814  0.0809226    0.99972 -0.0110825 0.00214812  0.0208126
1 0.310036 0.938952 0.212594    2.30212   0.257249    0.16874   0.999504 -0.0204752 -0.0133214  0.0199401
1 0.296547 1.00393 0.17113     2.31266    0.201529   0.0977985    0.999746  -0.0106596 -0.00464351   0.0193538
1 0.288979 1.00069 0.156118      2.3932   0.0707566    0.100649    0.999998 0.000793009 0.000184306  0.00226531
1 0.326149 1.07045 0.195492     2.47473   0.0133626 0.000543993    0.999879 -0.00129432   0.0143326 -0.00603873
1 0.332451 0.992608 0.225914      2.29218    -0.012304     0.219307     0.999792    0.0135028   -0.0153301 -8.91659e-05
1 0.311428 0.974902 0.185378     2.33442  -0.0397604   0.0371264    0.999945  0.00619295  0.00317513 -0.00793765
1 0.364906 0.945819 0.228203     2.30259  -0.0710991    0.157252    0.999923   0.0120111  0.00214787 -0.00249513
1 0.286085 0.900182 0.237211     2.44559  -0.0338771 -0.00790136      0.9999  0.00228187   0.0119052 -0.00735154
1 0.278614 0.903422 0.232771    2.27885 -0.0607539    0.19871   0.999635  0.0188562 -0.0053579 -0.0185931
1 0.214553 0.835873 0.199406    2.42468 -0.0686081  0.0726183   0.999891 0.00305507 0.00026881 -0.0144889
1 0.223493 0.931581 0.303129      2.16023     0.104577     0.209798     0.999677    0.0179157    -0.018087 -7.77027e-05
1 0.209435 1.08903 0.332425      2.08893     0.119264   -0.0151362     0.999936  -0.00634982   0.00938868 -7.51703e-05
1 0.268695 0.968339 0.314758    2.08934   0.158709 -0.0802216   0.999844  -0.013909 0.00284279 -0.0105095
1 0.273507 1.09488 0.339109     2.13319  -0.0130677    0.135975    0.999908   0.0101291 -0.00509318 -0.00752505
1 0.310346 0.969269 0.199276      2.30674  -0.00611909    0.0296587     0.999783   0.00140001 -7.89727e-05   -0.0208622
1 0.265761 0.973688 0.265266     2.18362   -0.152596    0.103781     0.99989  0.00973701 -0.00542041 -0.00983243
1 0.272702 0.997215 0.23071     2.28505 0.000581594 -0.00533397    0.999931 -0.00643774  0.00924666 -0.00343603
1 0.349614 0.919904 0.253968     2.19003    0.109301   0.0736734    0.999906 -0.00245556  0.00950084  0.00960338
1 0.31758 1.0132 0.250648     2.32292   0.0924219     0.15991    0.999933  0.00583694 -0.00866945  0.00512824
1 0.440799 1.05403 0.26869     2.39503    0.097533   0.0772795    0.999955 -0.00305672  0.00506951  0.00752491
1 0.377122 0.990117 0.225294     2.18683   0.0773427    0.124638    0.999807 -0.00329142  -0.0136351   0.0138146
1 0.371708 1.01468 0.218633    2.32652   0.131916  0.0511065   0.999802 -0.0110968 0.00605732  0.0153924
1 0.367965 0.959421 0.286092      1.86375    0.0896544    0.0443539     0.999904 -0.000894082  -0.00304896    0.0135243
1 0.391009 1.00496 0.280942      2.3321   0.0957837    0.092151    0.999977 -0.00082669  0.00532156  0.00431756
1 0.428325 0.968385 0.203073    2.31649 -0.0480347  0.0519436   0.999935 0.00960988 0.00124624 0.00609857
1 0.33336 0.958314 0.25324    1.95197   0.068668  0.0368873   0.999932 0.00250324 0.00965928 0.00609498
1 0.333774 0.913255 0.253448    1.91349  0.0284444 -0.0140911   0.999922 -0.0117927  0.0032243 0.00286071
1 0.356519 1.0849 0.253484     2.09594    0.109734    0.179706    0.999607  -0.0199402  -0.0195371 -0.00294347
1 0.395157 1.05466 0.254434     2.12564  -0.0240389  -0.0544598    0.999742 -0.00520013    0.015151  -0.0161321
1 0.398424 0.893544 0.204676     1.86164   0.0450434  -0.0168843    0.999767  0.00261246 -0.00973138  -0.0191676
1 0.395815 1.00409 0.219992      1.8626   -0.111078    0.148101    0.999729   0.0152374 -0.00486441  -0.0169571
1 0.407744 0.989536 0.215358     1.93151 -0.00685073   0.0784927    0.999634  -0.0118754  0.00654035  -0.0234631
1 0.398159 0.963188 0.209159    1.72357    -0.1209   0.122582   0.999475  0.0125425 -0.0101871 -0.0281134
1 0.416632 0.992673 0.219503    1.75273  -0.137517    0.01517   0.999407 0.00400573  0.0093482 -0.0329404
1 0.450348 0.97811 0.198134     1.68309   -0.135537   0.0648366    0.999292  0.00801585 -0.00776121  -0.0359554
1 0.396175 0.980836 0.214413     1.64093   -0.153694    0.024359    0.999373 -0.00882537 -0.00150251  -0.0342637
1 0.438353 1.094 0.209488     1.6001  -0.189037  0.0776249   0.999241  0.0232862  0.0161769 -0.0267315
1 0.378814 0.925342 0.257438    1.31314  0.0905513 -0.0256044   0.998642 -0.0286087  0.0113008 -0.0420629
1 0.457417 1.00184 0.227303    1.28158  -0.119783  0.0685215   0.999148  0.0159875 -0.0126453  -0.035928
1 0.045832 0.933303 0.474252   0.0224814  -0.0183918 -0.00125265    0.999943  0.00888432  0.00400268  -0.0043815
1 0.524952 0.996036 0.185916    1.46938  -0.113141  0.0803198   0.999432 0.00107797 -0.0115925 -0.0316405
1 0.398996 0.966034 0.273595      1.1252   0.0839381   0.0350773    0.999557 -0.00838508 0.000141223  -0.0285816
1 0.367656 0.945904 0.271315     1.38211   -0.184365  -0.0386194    0.999284 -0.00700438   0.0234433  -0.0289073
1 0.441104 0.981031 0.206938     1.53035   0.0696261   0.0638418    0.999297  -0.0239266 -0.00722589  -0.0279706
1 0.454212 1.10357 0.253197     1.56682   -0.147643 -0.00512949    0.999251   0.0312417  -0.0136851  -0.0183546
1 0.390148 0.977461 0.285326     1.3233  0.0489034 -0.0509416    0.99963 -0.0210181  0.0129745 -0.0114269
1 0.461045 0.958495 0.250164      1.60899    -0.232175    0.0633974      0.99982    0.0188783   0.00245479 -5.83246e-05
1 0.32568 0.98352 0.302611      1.29759    0.0449582    0.0703213     0.999863   -0.0160807 -1.02525e-05  -0.00413257
1 0.444728 1.00941 0.237014    1.57955   0.103707  0.0769958   0.999907 0.00372955 -0.0124468 0.00431349
1 0.53476 0.943033 0.224743     1.82454  -0.0779295  -0.0506929     0.99975  0.00396125   0.0219408 -0.00208094
1 0.450923 0.990457 0.293253    1.57901  0.0174941   0.166556   0.999574  0.0094218 -0.0268626 0.00653312
1 0.336152 0.958778 0.294548      1.3848   0.0190856 -0.00360347     0.99994 -0.00317814  0.00942003  0.00466558
1 0.449594 1.09043 0.278654    1.85066  0.0762702  0.0744531   0.999935 0.00839191 0.00390305 0.00671083
1 0.508542 0.917695 0.239793    1.83316  0.0809721  0.0459281   0.999914    0.01293 0.00116794 0.00215362
1 0.547772 0.973868 0.228567      2.03994    0.0396511    0.0760414     0.999925  -0.00486129    0.0112999 -0.000257046
1 0.560622 0.975916 0.231244     2.19517   0.0221558 -0.00284056    0.999913   0.0125699 -0.00261865 -0.00329944
1 0.556379 0.957882 0.226818       2.266   0.0523626    0.145661     0.99997  -0.0048411  0.00246687 -0.00574932
1 0.432849 0.988302 0.275688     1.71986    0.107632  0.00409856    0.999989 -0.00148668 -0.00124033 -0.00451592
1 0.359429 0.973446 0.287564     1.75575   0.0280987   0.0861623    0.999921 -0.00467011  -0.0107512 -0.00482124
1 0.464072 0.977822 0.264434     2.17232   0.0454476   0.0680909    0.999894  -0.0101521 -0.00873709 -0.00593797
1 0.540669 1.06308 0.268008     2.24476  -0.0336662    0.133037    0.999929  0.00558703  0.00534942 -0.00908955
1 0.547079 0.922461 0.211673      2.12704    -0.129062    0.0591216     0.999906    0.0004894 -0.000403429   -0.0137882
1 0.476395 1.00395 0.194224      1.99034    0.0843722    0.0623087      0.99995 -0.000578819 -0.000103546   -0.0100115
1 0.467075 0.986359 0.267031    2.34089 -0.0607234  0.0598915   0.999896 0.00335004 0.00518698 -0.0131168
1 0.410837 0.944203 0.249827    1.99481  0.0195169 -0.0234735   0.999903  0.0047557 0.00946926 -0.0090333
1 0.464849 0.978672 0.237695     2.31845  -0.0198336    0.109637    0.999924 -0.00872437 -0.00639198 -0.00607029
1 0.408518 0.990933 0.275219     2.11601    0.087014   0.0926951    0.999985 -0.00222077   -0.005122 -0.00102308
1 0.447208 0.94458 0.274784     2.24584   0.0763567    0.126961     0.99994  -0.0013525 -0.00856945  -0.0068084
1 0.457534 1.06923 0.29637    2.17396  -0.160494   0.104923   0.999873 0.00528352 0.00284562 -0.0148169
1 0.538021 0.914416 0.256191    2.18077 -0.0980537 -0.0101808   0.999761  0.0104761  0.0135844 -0.0136731
1 0.477624 0.958739 0.281858     1.90771   0.0374301    0.165445     0.99971 -0.00541391  0.00395852  -0.0231806
1 0.556219 1.01148 0.276241    2.01922 -0.0998986  0.0624152   0.999408 0.00490129 0.00604374 -0.0335572
1 0.514859 0.949284 0.220843      2.28011     -0.11679   -0.0318804     0.999554 -0.000755737   0.00977738     -0.02825
1 0.045138 0.943841 0.578866   0.0105826  0.00514174   0.0136466    0.999927  0.00273456  -0.0116683 -0.00173861
1 0.47949 0.963625 0.248849     2.24563  -0.0515612    0.046275    0.999784 -0.00217408  0.00687382   -0.019538
1 0.482595 0.902152 0.236496     2.21146  -0.0591107  -0.0622998    0.999806 -0.00750272    0.013178  -0.0126118
1 0.431034 1.03339 0.288859    2.18514   0.014329   0.150226    0.99968 -0.0135813 -0.0133843 -0.0166847
1 0.421346 0.963163 0.237304     2.17292  -0.0304632   0.0987194     0.99969 -0.00940834  -0.0085501  -0.0214474
1 0.513993 1.00098 0.303674     1.81797   -0.129633   0.0520955    0.999641 0.000823008 -0.00407736  -0.0265048
1 0.47412 0.994662 0.247539      1.75904   -0.0377467    0.0510242     0.999481  -0.00143295 -0.000516111   -0.0322312
1 0.082219 0.971439 0.512415    0.037396   0.0803004   0.0380379    0.999839 -0.00946025 -0.00774886  -0.0131728
1 0.085062 0.954926 0.538372   -0.0295419    -0.099762    -0.103465     0.999897   0.00837578 -0.000445976   -0.0116222
1 0.568602 0.973402 0.194433     1.79957   -0.247032 -0.00205857    0.998577  0.00030925  0.00266368  -0.0532632
1 0.080967 0.90809 0.445232   0.0785183  -0.0635729 -0.00957039    0.999955  0.00137926 0.000564251 -0.00938878
1 0.060898 0.853671 0.456545   0.0537925   0.0289668  -0.0622505    0.999895  -0.0116593  0.00679485 -0.00519404
1 0.079797 0.921784 0.494836   0.0773181  -0.0534639  -0.0445944    0.999913  0.00994121  -0.0033767 -0.00794586
1 0.061175 0.853803 0.465943   0.0284181   0.0485674  -0.0470252    0.999944 -0.00938839 -0.00202067 -0.00446799
1 0.094802 0.890301 0.445936   0.139135  -0.104141   -0.18955   0.999866 0.00647046  0.0094669 -0.0116802
1 0.042494 0.888916 0.470407  0.00962877  -0.0134787  -0.0176408    0.999963  0.00514725 -0.00665359 -0.00178785
1 0.077121 0.87599 0.443394    0.103443 -0.00494203   -0.138389    0.999811  -0.0183938  0.00371399  -0.0049995
1 0.118243 0.941568 0.482435    0.193175   -0.179375 -0.00732861    0.999611   0.0221088 -0.00983284  -0.0139107
1 0.09836 0.889581 0.509382    0.138721  0.00265853   -0.186819    0.999966 -0.00277897 0.000566742 -0.00774973
1 0.375146 0.935012 0.319525    1.40291  -0.264915  0.0808398   0.999079  0.0196714  0.0036632 -0.0379828
1 0.381771 0.991458 0.28645    1.81964  -0.217186  0.0588561   0.999783   0.011899 0.00533688 -0.0162544
1 0.45484 1.01203 0.299014      2.09183    0.0052935    0.0523036     0.999966   0.00813743 -0.000936555  -0.00149643
1 0.45761 0.873088 0.226257     2.44059   -0.105303   0.0259722    0.999885  0.00112596   0.0138229 -0.00622701
1 0.453276 0.927813 0.315834     2.27787    0.107568    0.068234    0.999855  -0.0166876  0.00369814 0.000786366
1 0.398532 1.00946 0.39817     2.00592   -0.139521    0.092035    0.999485 0.000107019   -0.026837   0.0176725
1 0.452329 0.951176 0.327911    2.26192  0.0884818 0.00847214   0.999651  0.0110033  0.0151995  0.0186068
1 0.437486 1.01169 0.300993    2.00967    0.06083    0.12812   0.999771 -0.0153722 -0.0142278 0.00455192
1 0.471652 0.959407 0.285654    2.00913  0.0239632  0.0710581   0.999961 0.00407323 0.00798257 0.00100263
1 0.41587 1.02476 0.248316     2.03871   0.0820427   0.0698537    0.999988   -0.004035  0.00154229 -0.00271198
1 0.402949 0.98474 0.25208    1.82379  -0.322695 -0.0474866   0.999863 0.00972776  0.0116849 0.00668593
1 0.282303 0.935872 0.327539   0.973943  -0.250498   0.103338   0.999714 0.00592478 -0.0157383  0.0170541
1 0.424358 0.925969 0.202673    1.67164 -0.0035127 -0.0278893   0.999875 0.00406011  0.0140463 0.00611569
1 0.354568 0.991936 0.230762      1.36074    -0.319043    0.0961589     0.999988  8.73351e-05 -0.000366942   0.00496986
1 0.35612 0.988539 0.234647      1.41573    -0.131532   -0.0152394     0.999915   -0.0130517  0.000292783 -0.000632735
1 0.428449 0.979693 0.233039      1.63735   -0.0814351     0.160572     0.999977   0.00696789 -0.000664429 -0.000206786
1 0.343963 0.994581 0.231246      1.39408    0.0116814   -0.0373947     0.999917   -0.0127526  -0.00176804 -0.000945615
1 0.331596 1.04769 0.274367    1.20519  -0.227377  0.0308562    0.99992 -0.0110369 0.00215022 0.00597485
1 0.446156 0.991104 0.219536    1.68618    -0.1902  0.0766921   0.999963 0.00662203 0.00172454 0.00542265
1 0.208823 0.8778 0.291229    0.756297   -0.163475   -0.161121    0.999937 -0.00574699  0.00835127  0.00489912
1 0.294559 1.0107 0.285504    0.988665   -0.276976    0.160066    0.999939 -0.00177695 -0.00784835   0.0076549
1 0.305667 1.00668 0.287842   0.934591  -0.206318   0.255328   0.999928 0.00313608 -0.0115329 0.00123566
1 0.41837 0.989144 0.218158      1.4766  -0.0569325   -0.155671    0.999948 -0.00716197  0.00313452  0.00656533
1 0.368964 0.966232 0.187044     1.47855 -0.00359732  -0.0515547    0.999929 -0.00615613  0.00978046   0.0031279
1 0.270977 1.00437 0.262234    0.912513   -0.204127 -0.00881233    0.999684   0.0172392 -0.00156529   0.0182437
1 0.403617 1.01963 0.236782     1.23268    -0.17446   0.0201239    0.999755 -0.00833062  0.00660469   0.0194508
1 0.446866 1.00069 0.188443    1.54873 -0.0626211   0.008025   0.999755 0.00577947 -0.0101382  0.0188784
1 0.3095 0.897869 0.283207     1.02806   -0.113258  0.00385921    0.999806 -0.00264717  0.00880769   0.0174535
1 0.262115 0.962619 0.274278    0.823307   -0.227388   0.0065146    0.999826 1.34805e-05 -0.00125537   0.0186477
1 0.524709 0.943065 0.206406     1.89226    0.156699   0.0120058    0.999936 -0.00319377  0.00224189   0.0106886
1 0.308556 1.01339 0.280321     1.03448   -0.154899   0.0690067    0.999816 0.000728015  -0.0140014   0.0131319
1 0.450059 0.97895 0.191816    1.87736  0.0302152  0.0567495   0.999883 0.00357696   0.012032 0.00882519
1 0.455862 1.01926 0.219448     1.65557    0.101633   0.0295569    0.999865  -0.0110515 -0.00523589   0.0109696
1 0.422188 0.992765 0.228306     1.41654   -0.227487   0.0552782    0.999915  0.00298736 0.000408138    0.012772
1 0.575873 1.03929 0.222128     1.79702   0.0220468   0.0807519    0.999705 -0.00877818  -0.0163995   0.0156734
1 0.547759 0.936098 0.170981    1.85624 -0.0749326 -0.0140557    0.99972 0.00042575 0.00195705  0.0236374
1 0.42051 0.990182 0.23749     1.46765   0.0170454  0.00299575    0.999622 -0.00872816   0.0129044   0.0226949
1 0.582789 0.987828 0.168281     1.97125  -0.0204584 -0.00476242    0.999987 0.000725964 0.000375616  0.00517589
1 0.450376 1.00111 0.229025      1.6372  -0.0368442   0.0767961    0.999945  0.00610614 -0.00693281  0.00514989
1 0.503376 1.01391 0.138047      1.99793   -0.0187172    0.0230749     0.999968 -0.000667552  0.000946385  -0.00796735
1 0.440571 1.00764 0.256825     1.28176   -0.150306   0.0556405    0.999983  0.00477958 -0.00340353  0.00151918
1 0.595137 1.00067 0.1291      2.06124   -0.0304537    0.0344515      0.99999 -0.000127668  -0.00036118  -0.00462791
1 0.609606 0.994785 0.219995    1.83044  -0.103132  0.0806459   0.999992 0.00134715 -0.0015381 0.00356118
1 0.310859 0.926608 0.306309    0.852552   -0.260187  -0.0781324    0.999883 -0.00551928  0.00947276   0.0107337
1 0.468554 0.996752 0.268471     1.40142   -0.187055   0.0638478    0.999973  0.00216723 -0.00302779  0.00640679
1 0.617566 0.982746 0.175023     2.06983  -0.0445736   0.0333334    0.999913   0.0130105 0.000396959 -0.00250425
1 0.508747 0.966473 0.156935      2.20615    0.0365953    0.0089539     0.999997 -0.000657075   0.00115558    0.0025464
1 0.406225 1.01758 0.276393     1.25874  -0.0604985    0.039527    0.999992  0.00107553 -0.00179109  0.00369965
1 0.568513 0.993415 0.205726     1.95589   0.0147426   0.0114173    0.999948 -0.00862793  0.00278116  0.00492784
1 0.563927 0.96416 0.179524     1.90577 -0.00134595   0.0548141    0.999934 -0.00327729 -0.00817825  0.00753901
1 0.469314 0.97383 0.236886    1.88695   0.158264  0.0560065   0.999851 -0.0085917   0.012025 0.00898319
1 0.526524 0.948747 0.232985     1.60142 0.000163022  -0.0148925    0.999827   0.0135001 -0.00310487   0.0124567
1 0.527255 0.98986 0.230495      1.78865    0.0188013   -0.0121877     0.999942   -0.0108406   0.00128295 -3.13231e-05
1 0.608522 0.989432 0.193689     1.83501 -0.00392509    0.111187     0.99997  0.00274909 -0.00327182 -0.00658039
1 0.463659 0.957409 0.266709      1.42247    0.0932118   -0.0256292     0.999948 -0.000476912    0.0099075   0.00287844
1 0.508113 1.02777 0.212086      1.8275   0.0338165    0.206215    0.999713   0.0196283 -0.00417614   0.0131517
1 0.382767 0.91241 0.223261    1.73617   0.169809 -0.0966789   0.999637 -0.0122378  0.0219552 0.00974819
1 0.473156 1.0013 0.245546     1.58765   0.0537873    0.027238    0.999868  0.00307283  -0.0159423 -0.00160191
1 0.414514 1.01411 0.246795     1.52937    0.102262  -0.0442225    0.999711  -0.0224138 -0.00324417 -0.00816481
1 0.439425 0.942367 0.226405     1.49635 -0.00637261    0.121027    0.999565  0.00728615  -0.0273248  0.00845453
1 0.425227 1.00471 0.2432      1.68672     0.152848    -0.108833     0.999527   -0.0173828     0.025429 -5.00495e-05
1 0.315592 0.961288 0.242753    1.23533  -0.110661   0.218164   0.999514  0.0277001 -0.0111797 0.00897865
1 0.320352 1.00132 0.264822     1.14261   0.0768033  -0.0692116    0.999952 -0.00847699 0.000467138  0.00491927
1 0.373446 1.01521 0.214672      1.45476   -0.0619782  -0.00339102     0.999749    0.0213682   0.00676769 -0.000466642
1 0.28127 0.924851 0.256936      1.03952      0.01928    0.0816462     0.999975   0.00576942 -0.000855234   0.00423263
1 0.416362 1.03754 0.235837     1.31712   0.0233547  0.00442827    0.999963 -0.00573149 -0.00290838  0.00591766
1 0.357334 0.927394 0.261557     1.4038 -0.0313333 -0.0667388   0.999961 0.00662666 0.00532512 0.00268888
1 0.465969 0.973335 0.223913     1.75311   0.0735133    0.010864    0.999912 -0.00248417  0.00996191  0.00840751
1 0.444058 0.987762 0.192436     1.65321  0.00371771   0.0427437    0.999899 -0.00311795  -0.0131343   -0.004589
1 0.375715 0.987441 0.260717     1.44845   0.0191414   0.0574917    0.999992  0.00366272 0.000504995  0.00191436
1 0.461697 1.00147 0.248484      1.6653  0.00151588   0.0437955    0.999935  -0.0105785 -0.00223997 -0.00383078
1 0.499735 1.01826 0.229767     1.98945   0.0660133  0.00964658    0.999988 -0.00185958  0.00428333  0.00219483
1 0.492276 0.989996 0.242031     1.73888   0.0480485   0.0511936    0.999977  0.00187826 -0.00511537  0.00422076
1 0.476619 0.948523 0.21142    1.92841  0.0474479  0.0413621    0.99977 0.00425976  0.0182065  0.0106058
1 0.470732 0.944027 0.213795      2.0402    0.148032  -0.0267826    0.999851 -0.00100746  0.00186762   0.0171649
1 0.471584 0.950317 0.200763     2.03808     0.17369   0.0839458    0.999971 -0.00612198  0.00332958   0.0034938
1 0.491649 0.994629 0.208131      1.79463   -0.0621725      0.11699     0.999675 -0.000332172    -0.023657  -0.00962598
1 0.251007 0.960369 0.307901   0.875288 -0.0295588  0.0398534   0.999876 0.00891056 -0.0124235 0.00386709
1 0.395681 1.00674 0.261617     1.72901     0.17879   -0.148368    0.999403  -0.0210615   0.0269053 -0.00522232
1 0.409879 1.04006 0.204326     1.66815  -0.0315884    0.107784    0.999899   0.0131306 -0.00419809 -0.00363281
1 0.459045 0.987135 0.193113       1.816     0.11684 -8.4249e-05     0.99969  -0.0122925 -0.00537943   -0.020999
1 0.38002 0.940558 0.23637     1.61603   -0.158525   0.0354984    0.999838   0.0135777 0.000177857   -0.011887
1 0.455582 1.00308 0.154379      1.92308    0.0451256    0.0500912            1   0.00038359 -0.000151009   0.00042226
1 0.502882 0.938959 0.227619     1.92413   0.0156001  -0.0188356    0.999942  0.00638457  0.00764533 -0.00434309
1 0.437388 0.974301 0.240572     2.18356   0.0679663   0.0677133    0.999991 -0.00261848  0.00234406  0.00279764
1 0.482888 0.956964 0.212372     2.03906    0.151121   0.0718735    0.999802   0.0122472 0.000375564   0.0157266
1 0.466221 0.979999 0.196479     2.1369  -0.030864  0.0938023   0.999971 0.00346886 0.00012785 0.00688206
1 0.438072 1.04437 0.197498    2.15419  0.0634927  0.0354737   0.999854  0.0120383 0.00530628  0.0109128
1 0.461973 0.913482 0.186573    1.92429  0.0298818  0.0287864   0.999858 0.00101835  0.0108546  0.0128985
1 0.450366 1.01366 0.207455     1.93955    0.131548    0.103086    0.999686  -0.0045588 -0.00799869   0.0233095
1 0.512418 0.922491 0.179799    2.01496  0.0433552  -0.024582   0.999701  0.0101022 0.00235547  0.0221837
1 0.344268 0.991443 0.267531     1.56555    0.209394    0.119055    0.999808  -0.0179243 -0.00445654  0.00669949
1 0.434012 0.996254 0.212022     1.88415   0.0162476    0.105254    0.999764   -0.013036  -0.0161248 -0.00667342
1 0.484251 0.975901 0.192803     1.9447 -0.0599321  0.0930435   0.999991 0.00270428  -0.001159 -0.0031684
1 0.457415 0.985115 0.215488     1.86938   -0.152403 -0.00535077    0.999953 -0.00645732  0.00513345 -0.00534839
1 0.464688 1.03369 0.191961     1.93878     0.13808  -0.0331223     0.99988 -0.00900054   0.0112364  -0.0058114
1 0.466933 0.971092 0.18181     1.6917  -0.102497   0.066547   0.999892  0.0145934 -0.0015074 0.00135917
1 0.417403 0.931098 0.187591     1.88733   0.0965022    0.105502     0.99992 -0.00238592 -0.00761508  0.00985735
1 0.426773 0.949229 0.225418     1.7374  0.0295782 -0.0283631   0.999868 0.00569795  0.0105593  0.0111152
1 0.382804 0.964323 0.19853     1.94936    0.083672    0.109402    0.999913  0.00591416 -0.00962631  0.00697134
1 0.464542 0.96619 0.187556     2.20036    0.207219  -0.0379737      0.9999 -0.00767938    0.008437  0.00836395
1 0.432591 0.954346 0.19087    2.13633   0.102173   0.234179   0.999767 0.00504054 -0.0146484  0.0151436
1 0.439943 1.00296 0.209088     2.0401   0.293308 0.00176709   0.999836 -0.0112193 0.00334583  0.0138854
