1403045911 852956000 0.9998160246791548 0.013105166875298087 -0.014006119946018808 0.0 -0.01347061207065462 0.999562697786878 -0.026324053704934458 0.0 0.013655013922131686 0.026507881737116025 0.9995553375379461 0.0 1.9547481536865234 0.18693219125270844 0.0545225590467453 1.0
1403045912 240074000 0.9999175564964343 0.010004052090030649 -0.008049792045764515 0.0 -0.009894101965066814 0.9998587730882748 0.0135845730413116 0.0 0.00818455597481997 -0.013503807618217253 0.999875322339393 0.0 2.002458056963266 0.02235327079035382 0.0709460284994406 1.0
1403045912 627128000 0.9998797299352714 0.014246533175615729 -0.006128781040699682 0.0 -0.014312358953474574 0.999838876246678 -0.010834109421959729 0.0 0.005973445049186915 0.010920523717120018 0.9999225270569656 0.0 2.0449700355529785 0.09271331131458282 0.0710526555776596 1.0
1403045913 14180000 0.9998405158563647 0.01745217594975866 -0.003790040461167411 0.0 -0.017508755109076617 0.9997273803258998 -0.015446958316902789 0.0 0.0035194241871368856 0.01551085366227192 0.9998735055356045 0.0 2.1150356260820304 0.12818224454992772 0.06191998616275271 1.0
1403045913 401287000 0.9998338479108185 0.01711225663629222 0.0062807041531762545 0.0 -0.01715221249588872 0.9998326370153817 0.006363926882340425 0.0 -0.006170751845758465 -0.006470597474852617 0.9999600257960197 0.0 2.144627332687378 0.07206029444932938 0.12888063490390778 1.0
1403045913 788322000 0.9994912553227508 0.024810020597238306 -0.020042290570596387 0.0 -0.02456180306584842 0.9996196936520604 0.012537379834532356 0.0 0.02034572101219529 -0.012038726715291386 0.9997205212936106 0.0 2.2629145521200287 0.04821360328797296 0.052352437903413734 1.0
1403045914 312839000 0.9977682673496909 0.05709501259335207 0.03462144143389483 0.0 -0.05738795073321775 0.9983235821801757 0.007526511382033833 0.0 -0.03413367517038581 -0.009496567796160966 0.9993721566160704 0.0 2.990772008895874 0.16996881365776062 0.20021480321884155 1.0
1403045914 562493000 0.9992580759665914 0.03732915229980563 -0.009477974684691623 0.0 -0.03717329766025698 0.9991788164808127 0.016119511067778054 0.0 0.010071919211732769 -0.01575522404093965 0.9998251493930387 0.0 1.5311447227690627 0.056965469743396425 0.06506613264799611 1.0
1403045914 949542000 0.999241570505411 0.038420109051227364 0.006338690272562759 0.0 -0.038423933208227595 0.9992614114771895 0.0004825861835518834 0.0 -0.006315467574879116 -0.0007257775876171899 0.9999797938539577 0.0 2.3370144367218018 0.1375965029001236 0.09763319790363312 1.0
1403045915 336632000 0.9993046550461998 0.036937041979000176 0.005085403901078066 0.0 -0.037013943584682185 0.9991872215307389 0.015964470238375047 0.0 -0.004491590286912415 -0.016141600277654527 0.9998596273263417 0.0 2.34041775475821 0.08578189291543656 0.12732585137570307 1.0
1403045915 723907000 0.9997657818248555 0.021605846422672208 0.0012525543881493596 0.0 -0.021605262155389514 0.9997664647494175 -0.00047813141333500573 0.0 -0.0012625923064328263 0.00045095766034804473 0.9999991012485243 0.0 2.3620803356170654 0.09736253321170807 0.060810692608356476 1.0
1403045916 110778000 0.9985204858780993 0.03049061384739878 0.04502401302608886 0.0 -0.03132573547769116 0.9993478444815942 0.017960624342521266 0.0 -0.044447019906247116 -0.019344461667367734 0.9988244361369286 0.0 2.2552669098191744 0.06206705715985738 0.20016817758571853 1.0
1403045916 497830000 0.9995873324182406 0.028069101810403133 0.006106585997349314 0.0 -0.028096022451619462 0.9995956842142111 0.004368251677877346 0.0 -0.005981504107153503 -0.004538019819305192 0.9999718135951311 0.0 2.3095526695251465 0.09569863229990005 0.08637610077857971 1.0
1403045916 884898000 0.9997614156157698 0.019953093990361832 0.008887400416535967 0.0 -0.020026016013077137 0.9997658884778635 0.008193101898073202 0.0 -0.00872184204145175 -0.008369126374958092 0.999926940928748 0.0 2.254094658900543 0.05500330334208743 0.08820738035227528 1.0
1403045917 271967000 0.9993294148759486 0.011265693706602905 -0.034839700185319976 0.0 -0.01061625861338739 0.9997674676035821 0.018769810190139624 0.0 0.035043053758878596 -0.018387356167464612 0.9992166379301453 0.0 2.2918241024017334 0.035764180123806 0.05202209949493408 1.0
1403045917 659040000 0.9999040669472125 0.01188916489215757 0.007106663112290001 0.0 -0.012015710448878437 0.9997651104534403 0.01803736739186475 0.0 -0.006890544596271697 -0.0181210286183616 0.9998120566971471 0.0 2.1528475301575583 0.008718544088396361 0.11347974266107394 1.0
1403045918 46127000 0.9999182939302024 0.010973028417843587 0.00655729449198859 0.0 -0.01087182662819139 0.9998242265912004 -0.01527479319253101 0.0 -0.006723752633761556 0.015202255380345382 0.9998618317457022 0.0 2.144254446029663 0.09298285841941833 0.10831417143344879 1.0
1403045918 433179000 0.9999791762576308 0.005185425730491913 0.0038416677502926253 0.0 -0.00514133618212398 0.9999218116745536 -0.011398999944774793 0.0 -0.0039004760443398195 0.011379011269532398 0.9999276495772859 0.0 2.1677145251464016 0.10046560702148932 0.12519285279992948 1.0
1403045918 820261000 0.9999251513688548 0.007769348905603298 0.009451395534821938 0.0 -0.007733920589729807 0.9999629511217839 -0.003779266612003909 0.0 -0.00948040781213575 0.0037058873965428282 0.9999481927911664 0.0 2.202298402786255 0.0609600767493248 0.08515504747629166 1.0
1403045919 207330000 0.9999321558244633 0.009402744140054542 0.006875474592917151 0.0 -0.009308702570320723 0.999864399059951 -0.01358423899010593 0.0 -0.007002271395660387 0.01351931563059609 0.9998840914326929 0.0 2.205506333662368 0.0902191400866375 0.1176972456477973 1.0
1403045919 594394000 0.9999599306062221 0.002488586322066121 -0.008599076701432878 0.0 -0.0026098296541651202 0.9998969408516788 -0.014117239979210914 0.0 0.008563058517594091 0.014139116435336968 0.9998633703737988 0.0 2.264866828918457 0.11119157075881958 0.028460869565606117 1.0
1403045919 981494000 0.9996094588575246 -0.01007378319464687 -0.026066235913803956 0.0 0.01019809970313963 0.9999372292758997 0.004640718746242719 0.0 0.02601785012278409 -0.004904732427376187 0.9996494460933814 0.0 2.325072427321874 0.0005710458504287474 0.0029632377688779896 1.0
1403045920 373337000 0.9997667202230602 -0.010860476890389218 -0.018669632458582653 0.0 0.011105116728158313 0.9998531725614879 0.013050275904424069 0.0 0.018525159024397598 -0.013254559986696455 0.9997405339000114 0.0 2.3628554344177246 -0.011074446141719818 0.03967849537730217 1.0
1403045920 755620000 0.9999971989361965 0.0022073107921017844 0.0008543411660723435 0.0 -0.002217845104085872 0.9999190078130635 0.012532317312963134 0.0 -0.0008266092518579659 -0.012534177005515129 0.9999211024495579 0.0 2.3341952713313763 0.00013030896186307095 0.11103262990261203 1.0
1403045921 142664000 0.999552777762644 0.006913287635661678 0.029093829604388013 0.0 -0.006986504435064432 0.9999726762667871 0.002415672912114242 0.0 -0.029076334410674635 -0.002617856739033832 0.9995737659639395 0.0 2.3539669513702393 0.04751073196530342 0.12211523205041885 1.0
1403045921 529753000 0.9999248433457911 0.0112033856124602 -0.004979137547162441 0.0 -0.011248962784560702 0.9998942032671707 -0.009221882073710958 0.0 0.004875294469733226 0.009277199120876028 0.9999450810321059 0.0 2.4384060441208644 0.092804146055812 0.09746061605279499 1.0
1403045921 916825000 0.9999194098676055 0.010578719122693401 -0.007018865417052117 0.0 -0.010509041802411464 0.9998958600935378 0.009890854775979016 0.0 0.007122767047622546 -0.009816296120609825 0.9999264505552685 0.0 2.4125869274139404 0.04805324971675873 0.058210790157318115 1.0
1403045922 303888000 0.9966439448075045 0.012924395888268771 0.08083196935284545 0.0 -0.013839020077328281 0.9998462849768968 0.010765126157994244 0.0 -0.08068041151255581 -0.01184763304721785 0.9966696066346877 0.0 2.161637017133904 0.04706812735931791 0.24326527607059803 1.0
1403045922 690967000 0.9995698312793474 0.01659731429835231 -0.024180189293277567 0.0 -0.01624982887637738 0.9997628621878066 0.014496980773015047 0.0 0.02441506620235704 -0.01409782068712842 0.999602498993579 0.0 2.341569423675537 0.031758010387420654 0.042205024510622025 1.0
1403045923 78172000 0.9997483846777588 0.019443169661449624 -0.01118617395394149 0.0 -0.019212000052393974 0.999606992413591 0.020414694997522274 0.0 0.011578704081138274 -0.02019464957287281 0.9997290181546349 0.0 2.2163109217345554 0.005270759451454244 0.08038996631478876 1.0
1403045923 465107000 0.9996405369127366 0.026393472146724974 -0.004709733416639625 0.0 -0.026359466458548433 0.9996270160980365 0.007141933558671799 0.0 0.004896477186347244 -0.007015220237161153 0.9999634049284942 0.0 2.1868762969970703 0.06981422007083893 0.04897545278072357 1.0
1403045923 852162000 0.9994839646719372 0.02731435343152673 0.016903563538004148 0.0 -0.027283320679327046 0.9996256104718432 -0.0020638075258811485 0.0 -0.016953606589003547 0.0016015571836567248 0.9998549946058242 0.0 2.1831908801719493 0.09576261649772064 0.11397926588475629 1.0
1403045924 356711000 0.9996184487636829 0.02754084176191478 0.002111616994992469 0.0 -0.027513773798078473 0.9995502945703751 -0.011924800864767307 0.0 -0.002439086443023434 0.011862152389906117 0.9999266674101667 0.0 2.9035873413085938 0.1502581238746643 0.08442255109548569 1.0
1403045924 626348000 0.9998338936884593 0.004531586425244564 0.017653604624701304 0.0 -0.00453829634870662 0.999989644064344 0.0003400445823927578 0.0 -0.017651880863694163 -0.00042010538825120933 0.999844105155117 0.0 1.5668447572793576 0.023288725804793367 0.0883847880225158 1.0
1403045925 13411000 0.9997727078249594 -0.006963749862171656 0.020150406353360933 0.0 0.007312357457854419 0.999823973744722 -0.01727862707862218 0.0 -0.020026535315850948 0.017422046756068562 0.999647643007311 0.0 2.283715009689331 0.05394352599978447 0.11047948151826859 1.0
1403045925 416687000 0.9998046712381781 -0.01966553946367674 -0.001971275709118129 0.0 0.019654451901344856 0.9997917352827178 -0.005494413601992339 0.0 0.0020789157694596264 0.005454596041377372 0.999982962600488 0.0 2.420938489653955 -0.013871044170505553 0.0892837785553294 1.0
1403045925 787504000 0.9995860847919954 -0.02876607327245615 -0.000414871899991196 0.0 0.02876528123023249 0.9995845673820917 -0.0018031215439652931 0.0 0.00046656827512453594 0.0017904412976585975 0.9999982883155372 0.0 2.211733341217041 -0.03573870658874512 0.082778200507164 1.0
1403045926 174583000 0.9999253635634004 -0.012190325762025056 0.000814408016313674 0.0 0.012192672611886158 0.9999213395285255 -0.0029416815019065092 0.0 -0.0007784838987987746 0.0029513917555970045 0.9999953416139119 0.0 2.263665963580675 -0.031374075398378526 0.11344623027858661 1.0
1403045926 561687000 0.9996828982588656 -0.003460498697215801 -0.024942491405655798 0.0 0.0033059882449869658 0.9999751082421661 -0.006233244563800103 0.0 0.024963440677892412 0.006148808407708218 0.9996694547622662 0.0 2.248492956161499 0.0295780710875988 0.03035774454474449 1.0
1403045926 948737000 0.9997197468682523 -0.01632787805891224 -0.017141415337452972 0.0 0.016123495808838567 0.9997980613548703 -0.011994556846570909 0.0 0.017333799484825618 0.011714815796099747 0.9997811272905103 0.0 2.1358535112032078 0.00957034348501351 0.06928179814207913 1.0
1403045927 335826000 0.9989366762417321 -0.037930156231913245 -0.02620725295302238 0.0 0.03787698365806766 0.9992792256787874 -0.0025225454940925934 0.0 0.026284043982757358 0.001527211519712939 0.9996533482447236 0.0 2.1007697582244873 -0.04955845698714256 0.03347145393490791 1.0
1403045927 722894000 0.9978021125152718 -0.06552733529741542 -0.00985457197856847 0.0 0.06562917370602939 0.9977899648458972 0.010392189927389035 0.0 0.009151820514220753 -0.011016096479388749 0.9998974396405025 0.0 2.001307024690704 -0.1538008157768827 0.07890314271230997 1.0
1403045928 109967000 0.9969868008809809 -0.07709373315440193 0.00859506704017423 0.0 0.07717475250881856 0.9969720308028063 -0.00953033956010506 0.0 -0.007834311987011188 0.010164944920960749 0.9999176453340765 0.0 1.9231845140457153 -0.13574615120887756 0.07837869226932526 1.0
1403045928 497149000 0.9964922453975817 -0.08065877661584298 -0.022301717810996435 0.0 0.08107396530064698 0.996538525638967 0.018384207019703933 0.0 0.020741673339324966 -0.020127808428872303 0.9995822398957154 0.0 1.9422025868013768 -0.23294859446676727 0.03089952852293318 1.0
1403045928 884100000 0.994952828016466 -0.09779547610828593 -0.02247031096336226 0.0 0.09762484275217237 0.995186371415882 -0.00857182744248639 0.0 0.023200433178071023 0.00633490338078033 0.9997107626206222 0.0 1.9106535911560059 -0.1891472488641739 0.027011461555957794 1.0
1403045929 271181000 0.9936251479845091 -0.11265597568414663 -0.004206713136797369 0.0 0.11265277972834915 0.9936339222262179 -0.000989858989055655 0.0 0.004291446403998315 0.0005096508561042352 0.9999906618282824 0.0 1.8603167458154444 -0.24364484618772936 0.07072889413555866 1.0
1403045929 658248000 0.9925860602160168 -0.12153375382690919 -0.0015683576078345317 0.0 0.12153820023620394 0.9923324320026176 0.022467983423409683 0.0 -0.0011742862471355 -0.02249202250822396 0.9997463328141291 0.0 1.8666566610336304 -0.32552531361579895 0.039512213319540024 1.0
1403045930 45333000 0.9948759621978734 -0.10091285591671786 -0.006198011906017896 0.0 0.10090437110934497 0.9948947317227704 -0.0016675374970939745 0.0 0.00633464536363218 0.0010335864784174335 0.9999794017714108 0.0 1.9878722911518973 -0.23492247985398945 0.06084782392017917 1.0
1403045930 432404000 0.9962966078199956 -0.083629652519181 0.01997875035858671 0.0 0.08321222661341396 0.9963129812039491 0.020884655288921215 0.0 -0.021651664795288347 -0.019144834917550597 0.9995822530975488 0.0 2.0235390663146973 -0.24367348849773407 0.09298472851514816 1.0
1403045930 819482000 0.9955763461199179 -0.09361326966225521 -0.008018403186140114 0.0 0.09367270710155952 0.9955756318865563 0.007388175549465001 0.0 0.007291295548738472 -0.008106598351106395 0.9999405582695378 0.0 2.168884928224947 -0.25031336134883936 0.06286936129572214 1.0
1403045931 206540000 0.9957559534101215 -0.09195642869041137 -0.003754526708566435 0.0 0.09200331775849757 0.9956424390099518 0.015215885243503294 0.0 0.0023389676630893984 -0.015496737231424624 0.9998771826406737 0.0 2.215552568435669 -0.26678526401519775 0.07632620632648468 1.0
1403045931 593611000 0.9971837243724789 -0.07330958409192904 -0.015821653734687365 0.0 0.07346098542293679 0.9972555692870587 0.00920940533560227 0.0 0.015103094627361372 -0.010345743386182273 0.9998324170212047 0.0 2.3136313931094215 -0.2081760883813111 0.060260852440647675 1.0
1403045932 2003000 0.9996120313820724 -0.02156711725500459 0.017625157290516495 0.0 0.021388047533364686 0.9997183348310072 0.010286030596324196 0.0 -0.017842032925569226 -0.009905072237337186 0.9997917540193337 0.0 2.4019014835357666 -0.11538240313529968 0.0958917886018753 1.0
1403045932 367775000 0.9997684485658571 0.02063270096281166 0.006110720350188279 0.0 -0.02053746620420692 0.9996726523731184 -0.015257803878846711 0.0 -0.006423529725164579 0.015128772199801344 0.9998649201355133 0.0 2.218909634956881 0.08590255995641509 0.08258128340311247 1.0
1403045932 754831000 0.9994441988506086 0.03300422695495224 0.004691949165441789 0.0 -0.032974333474058856 0.9994362677390075 -0.006311898277410938 0.0 -0.0048976234855945345 0.006153676220668902 0.9999690722983209 0.0 2.3647775650024414 0.11073286831378937 0.07170874625444412 1.0
1403045933 141873000 0.9987908672971353 0.048217332557556614 0.009586044276457444 0.0 -0.04809753215618111 0.9987661907064926 -0.012358143150446628 0.0 -0.010170093624020155 0.011882135442579251 0.9998776845459663 0.0 2.347253725701909 0.16665281005610322 0.10139954773584475 1.0
1403045933 528962000 0.9995041986998876 0.03148017999836308 -0.0005958595188826997 0.0 -0.031484684407440476 0.9994498363042736 -0.010427816603895688 0.0 0.00026726215492710206 0.010441406927769336 0.9999454513083748 0.0 2.3808882236480713 0.1304006278514862 0.046709317713975906 1.0
1403045933 916043000 0.9998511979600017 0.0032731720096681786 -0.01693718639399162 0.0 -0.00354136075702182 0.9998684480388633 -0.015828625345986655 0.0 0.016883148460471346 0.015886250701474848 0.9997312570569711 0.0 2.418722281358557 0.10418272249444444 0.03415074605329805 1.0
1403045934 303092000 0.9998703124896131 0.013135264503388927 0.009317887547578165 0.0 -0.013164922741944094 0.999908443611497 0.0031287703067276766 0.0 -0.009275937209896614 -0.0032510338139780147 0.9999516927172124 0.0 2.3678483963012695 0.0439673475921154 0.09144130349159241 1.0
1403045934 690165000 0.9996692420341733 0.023210999819800973 -0.011075017751081185 0.0 -0.023262718418235143 0.9997189680490544 -0.0045640831201716175 0.0 0.010965968384755978 0.004820208532743283 0.9999282539897978 0.0 2.4203378199597636 0.08423537948840115 0.04525708597848278 1.0
1403045935 77248000 0.9997423404926086 0.022489449756294584 0.0030785184781384786 0.0 -0.022486868191411075 0.9997467593084204 -0.0008706384171437735 0.0 -0.0030973190509282892 0.0008011878496353728 0.9999948823432679 0.0 2.380878448486328 0.07634154707193375 0.07861068844795227 1.0
1403045935 464307000 0.9999946990178202 -7.753724891666933e-05 0.003255138128272983 0.0 0.00012143171357001382 0.9999090437723642 -0.013486639187550909 0.0 -0.003253796336288667 0.013486962972117733 0.9999037526878227 0.0 2.3642576730101905 0.047099877225580934 0.09591555569254684 1.0
1403045935 851476000 0.9999398480946952 -0.00902524169722309 0.006232592130463216 0.0 0.009034231695705537 0.9999581882486434 -0.0014157726368191493 0.0 -0.006219553844635141 0.001471994156769002 0.9999795749829974 0.0 2.337531089782715 -0.01203879900276661 0.09077191352844238 1.0
1403045936 238453000 0.9999083756362014 -0.00443363837552421 0.012789964164457502 0.0 0.004079574332406063 0.9996113449669605 0.02757745613015632 0.0 -0.012907261748310589 -0.027522751753765496 0.999537843570748 0.0 2.281525228873211 -0.09515693825480866 0.11113167810219424 1.0
1403045936 625622000 0.9998601039715281 -0.012194124116356172 0.011448835009716914 0.0 0.01214032748223099 0.9999149896309639 0.0047566753024975645 0.0 -0.011505865229047568 -0.00461701725620602 0.9999231461552367 0.0 2.239030122756958 -0.026976443827152252 0.07082664966583252 1.0
1403045937 12597000 0.9992781819025123 -0.037445672670144745 0.006398185046552052 0.0 0.03746073534573845 0.9992955655506999 -0.002250772770282953 0.0 -0.006309396244181374 0.0024888288384859784 0.9999769983604856 0.0 2.1775705728153554 -0.05156324447323533 0.07349135661388481 1.0
1403045937 399677000 0.9995484116845633 -0.02739697397306333 -0.012344169311301128 0.0 0.027419636911041337 0.9996226154220531 0.0016704036760444086 0.0 0.012293746806138378 -0.0020081219817465403 0.9999224126078848 0.0 2.133422374725342 -0.060132041573524475 0.05570056289434433 1.0
1403045937 786746000 0.9999057959701863 -0.007544577418039475 -0.01146640906349977 0.0 0.007545998643231211 0.9999715252916292 8.06871050222094e-05 0.0 0.011465473810735148 -0.0001672050112076656 0.999934255315208 0.0 2.04702362185501 -0.00972762684611443 0.05799888553868683 1.0
1403045938 173825000 0.9999342016731126 -0.006632477429275732 0.009359624324993215 0.0 0.006697426167276561 0.999953593016612 -0.006925048440392334 0.0 -0.009313259745585103 0.006987278176661431 0.9999322182711152 0.0 1.915299415588379 0.0017618471756577492 0.06864924728870392 1.0
1403045938 560906000 0.9999832300549212 -0.001968648815642989 -0.005446469569107755 0.0 0.001937770071042946 0.9999820537121772 -0.005668977044243416 0.0 0.005457532050141307 0.005658327970085868 0.9999690988568121 0.0 1.8885186970169112 0.03337027339637345 0.06803791454816173 1.0
1403045938 947949000 0.9998297063403726 -0.014794952818438624 0.011030307811867146 0.0 0.015138312727681997 0.9993820202996117 -0.03172394977970769 0.0 -0.010554136965345087 0.031885527641340505 0.9994358025005659 0.0 1.79862642288208 0.03849364072084427 0.07526185363531113 1.0
1403045939 338052000 0.9986118975354542 -0.05231133770326252 -0.006148337038148496 0.0 0.052216691344724286 0.9985281669156719 -0.014660048466420078 0.0 0.006906174458355246 0.014318652999609143 0.9998736324809387 0.0 1.7786937675674934 -0.07523110520405783 0.05356448422920614 1.0
1403045939 722180000 0.9969263473618735 -0.07827065789141606 -0.0034003013040066195 0.0 0.07825958864976552 0.9969276357933999 -0.003275023015409792 0.0 0.0036461925460141878 0.0029988505509417336 0.9999888560255511 0.0 1.6163690090179443 -0.16247421503067017 0.03995842486619949 1.0
1403045940 109177000 0.9969634699153486 -0.0756337716235301 -0.018530306105073478 0.0 0.07583223349451015 0.9970678920543024 0.010251390033760978 0.0 0.017700621954669368 -0.011625455878798643 0.9997757432334654 0.0 1.5916255357957987 -0.21208375723752276 0.021901720161986583 1.0
1403045940 496270000 0.9985095380764046 -0.05454489212186051 0.0018860312456532087 0.0 0.054568526436205834 0.9983755356084295 -0.016387977946125027 0.0 -0.0009890869658864367 0.016466470234879547 0.9998639292748678 0.0 1.5248011350631714 -0.08233962953090668 0.07090675830841064 1.0
1403045940 883303000 0.9999153389181611 -0.008808067394649965 0.00957773172261521 0.0 0.008457759319248272 0.9993152670613021 0.0360203182314657 0.0 -0.009888442924786214 -0.035936262562621835 0.9993051604637863 0.0 1.4918912047300288 -0.11838285841274149 0.047523211423835476 1.0
1403045941 270447000 0.9986266528423374 0.05214368461904156 -0.0050837375286043665 0.0 -0.05225816624625312 0.9982990142414186 -0.02584883411666376 0.0 0.0037272367095186076 0.026079001494722868 0.9996529364672269 0.0 1.5107946395874023 0.2501915693283081 0.05568928271532059 1.0
1403045941 657466000 0.9966413820079153 0.08049342038604555 -0.015058716542524268 0.0 -0.08066950672816305 0.9966748473639222 -0.011475160841449908 0.0 0.014084969065908632 0.012651399395230408 0.9998207618067124 0.0 1.6350973784791958 0.2386301189002311 0.12502932520754628 1.0
1403045942 44529000 0.9998242751240874 0.011000599925637468 0.015179119667130193 0.0 -0.011159552557207684 0.9998833628401391 0.01042713298167701 0.0 -0.015062644499420182 -0.010594692858725167 0.999830420233308 0.0 1.6897143125534058 0.06302422285079956 0.05442015454173088 1.0
1403045942 431612000 0.9986053514581928 -0.05172293783168015 0.010587244264640224 0.0 0.0518415736319343 0.9985918890381841 -0.01125568258772426 0.0 -0.009990159279197776 0.011788844269520865 0.9998806028063376 0.0 1.8029834361189672 -0.0586576154555417 0.10536728591192732 1.0
1403045942 818666000 0.999483742461455 -0.029586608656090627 -0.012525220296472055 0.0 0.02970119300930788 0.9995177317595472 0.009063279322275146 0.0 0.0122510280820694 -0.009430614321510699 0.9998804807698024 0.0 1.9318395853042603 -0.093355193734169 0.027106191962957382 1.0
1403045943 205762000 0.9998813742999525 -0.012854959956636706 -0.008484534904855165 0.0 0.012785367642526912 0.9998845900486127 -0.008206153639986875 0.0 0.008589045481534292 0.008096702281232207 0.999930333428227 0.0 2.05042335218973 0.014617808944460575 0.08347788451066056 1.0
1403045943 592827000 0.9998815370175014 -0.01523291713631655 -0.0022068454946506605 0.0 0.015227811540146963 0.9998813768302084 -0.0023121470162039207 0.0 0.0022418044555476604 0.002278267685081643 0.9999948918915227 0.0 2.145601272583008 -0.017066339030861855 0.05094893276691437 1.0
1403045943 979901000 0.9995201481326283 -0.02797522185160228 -0.013298888648394338 0.0 0.027832562403238403 0.9995543206971189 -0.010793907809083939 0.0 0.013594923574577296 0.010418586184065359 0.999853304797722 0.0 2.2955610296209947 -3.8117519044001194e-05 0.05575149129382848 1.0
1403045944 366953000 0.9995764495847914 -0.025469597352863128 0.014079099621278412 0.0 0.025405378995935483 0.9996660814691883 0.004721469909979786 0.0 -0.01419465228653857 -0.00436178526763891 0.9998897372589356 0.0 2.3215770721435547 -0.05094235762953758 0.14330674707889557 1.0
1403045944 754040000 0.9997841496105223 -0.020330880954032758 0.004278956321094233 0.0 0.020371595599145163 0.9997454516960581 -0.009696901865530192 0.0 -0.004080720562569024 0.009781977953245527 0.9999438287359008 0.0 2.4106337585980393 -0.012741828615281326 0.12662083489997866 1.0
1403045945 141087000 0.9997263034661752 -0.020601104001377248 0.01108659874719626 0.0 0.020464180827064388 0.999714612315845 0.01232522718884907 0.0 -0.011337348055612723 -0.012094975655369149 0.9998625786091616 0.0 2.334850311279297 -0.01882917806506157 0.09909553825855255 1.0
1403045945 528175000 0.9993929425022153 0.0006909184451492722 -0.0348320126961654 0.0 -0.0012354790147119463 0.999877318095218 -0.015614811888668565 0.0 0.03481695087694903 0.015648367020761344 0.9992711886876433 0.0 2.3522292347378198 0.0941344107519533 -0.0014290302146400397 1.0
1403045945 915230000 0.9995010187212233 0.021766895463563165 0.022889207874351107 0.0 -0.022264665362291196 0.9995161086114125 0.02172172420882517 0.0 -0.02240531748362727 -0.022220506028832562 0.9995020014288518 0.0 2.1978487968444824 0.023950383067131042 0.10226896405220032 1.0
1403045946 302333000 0.9992240296785966 0.03883409397347325 -0.006576599282807151 0.0 -0.038804222946274336 0.9992361968327932 0.004610338455172947 0.0 0.006750614372263195 -0.004351561144561751 0.9999677460404421 0.0 2.169277812032763 0.12180915544822676 0.038344859886011946 1.0
1403045946 689388000 0.9991990461802045 0.039304935599311336 -0.007509204358887038 0.0 -0.039223808075411704 0.9991735686425205 0.010661735610753361 0.0 0.007922057348492677 -0.010358656462318249 0.9999149660064415 0.0 2.178372383117676 0.09283515810966492 0.02746078372001648 1.0
1403045947 76445000 0.9993063137888326 0.034532636208438716 0.013942318970343514 0.0 -0.03451642306772057 0.9994031474830272 -0.0014019057132389793 0.0 -0.01398240896216744 0.0009196942504508658 0.999901818381235 0.0 2.1447381715824823 0.12947456737323146 0.14812866599038366 1.0
1403045947 463534000 0.9995815332838539 0.01915523769540933 -0.02167568192080486 0.0 -0.01966009028664718 0.9995346538001664 -0.0233228793784661 0.0 0.02121883992635833 0.02373926539330919 0.9994929755184704 0.0 2.193112850189209 0.13852450251579285 0.015256103128194809 1.0
1403045947 850595000 0.9998095907851029 0.0057159422207676384 0.01865771097037302 0.0 -0.0060857134788924305 0.9997849942765915 0.01982244462241936 0.0 -0.018540395507592573 -0.019932215729439144 0.9996294115873828 0.0 2.058858599141911 -0.013496961825030712 0.12516915733676476 1.0
1403045948 237664000 0.9998667458968227 -0.00140146843966319 -0.016264265612420895 0.0 0.0014695069378945394 0.999990216953883 0.004172115277112954 0.0 0.016258259410472837 -0.004195459776790562 0.999859023621932 0.0 2.145970344543457 0.012381727807223797 0.030625369399785995 1.0
1403045948 624787000 0.9993948342450807 -0.031884919594919764 0.013903855101134382 0.0 0.03151940488796909 0.9991711357097058 0.02575982686441893 0.0 -0.01471368070049468 -0.025305996660911618 0.999571465245603 0.0 2.094442836179291 -0.09172207962483321 0.0993952661701022 1.0
1403045949 11806000 0.9998117891429626 -0.018817359788131066 0.004721574033304082 0.0 0.018860576711992857 0.9997790382802422 -0.009281878124873933 0.0 -0.004545870306000383 0.009369182783893619 0.9999457752684007 0.0 2.180293560028076 -0.007545974105596542 0.10572678595781326 1.0
1403045949 432329000 0.9997415095324053 0.0008397830716280549 0.02272023068237568 0.0 -0.0006235181709342957 0.9999544511421499 -0.009524015229538033 0.0 -0.0227271939085817 0.009507386885709691 0.9996964960685054 0.0 2.3186413814737037 0.06798582442986394 0.11845787172407424 1.0
1403045949 785955000 0.9996443578833022 -0.02654602048487779 -0.0025429409149570464 0.0 0.026493712927168917 0.9994727316590629 -0.018770771036471273 0.0 0.0030398893751708332 0.018696723413136187 0.999820579707279 0.0 2.0302937030792236 0.022663339972496033 0.0949663519859314 1.0
1403045950 173020000 0.999111094221239 -0.04161716899896167 0.00671063697054128 0.0 0.04174431505826748 0.9989266477417452 -0.020073977975362332 0.0 -0.005868011959312533 0.02033626504427724 0.999775976286535 0.0 2.2288500749365445 0.0062322867925460185 0.101361246151445 1.0
1403045950 560142000 0.9984403513895069 -0.05568920604097778 -0.003946776877852137 0.0 0.05568948530192801 0.9984481357040517 -3.919068649821287e-05 0.0 0.00394283451394661 -0.00018066441013066422 0.9999922106778465 0.0 2.2495968341827393 -0.08785825967788696 0.05959121882915497 1.0
1403045950 947149000 0.9987722051014813 -0.03946333758228683 -0.029945405383646467 0.0 0.04010971181211864 0.9989682225525548 0.021300266395942326 0.0 0.029073928786341307 -0.022475215617559427 0.9993245575626925 0.0 2.3265162988554766 -0.10290398100681682 0.009178301701100428 1.0
1403045951 334227000 0.9999926458253214 -0.0004161355381291095 0.003812496096663892 0.0 0.00031719858741938384 0.9996641087036153 0.02591465135521726 0.0 -0.0038219995197946535 -0.025913251455968057 0.999656888996745 0.0 2.275628089904785 -0.06435395032167435 0.0820975974202156 1.0
1403045951 721326000 0.999131863839601 0.04159509563702096 -0.0023166094518074294 0.0 -0.04162609935935001 0.9990129048146588 -0.015507542226384239 0.0 0.0016692850357696407 0.015590510983436343 0.9998770671711321 0.0 2.297141204110918 0.14781870313335713 0.08810298739517045 1.0
1403045952 108381000 0.9991583123119682 0.04043494534658575 0.006905225030220349 0.0 -0.040315984706487874 0.9990494797811341 -0.016575835610658264 0.0 -0.007568904481204263 0.016283492987192713 0.9998387667724684 0.0 2.3283393383026123 0.15319028496742249 0.0783495157957077 1.0
1403045952 495459000 0.9992729107280721 0.03758636450118446 0.006396490336931706 0.0 -0.03740095814744939 0.998935937105365 -0.02698447496393078 0.0 -0.007403932380775673 0.026725619974293752 0.9996153875477761 0.0 2.3377630116269907 0.1692721449033884 0.0929010731042624 1.0
1403045952 882532000 0.9991747682028855 0.0396111696123066 0.008985423120535012 0.0 -0.039334001474702125 0.9988002549622655 -0.029169967694556813 0.0 -0.010130099441668799 0.028792463063420516 0.9995340790368498 0.0 2.354525089263916 0.21350161731243134 0.08493048697710037 1.0
1403045953 269595000 0.999810214912047 0.014452659374950796 0.01306349090090013 0.0 -0.014142431405123258 0.9996229524896069 -0.023536025363523526 0.0 -0.013398723501798111 0.023346809052902415 0.9996376347034808 0.0 2.3886655516168367 0.148481722535087 0.12081616362258138 1.0
1403045953 656654000 0.9996229136357098 -0.00448936001155682 -0.027090149153168378 0.0 0.004648496525193928 0.9999722927941893 0.0058142174011021576 0.0 0.027063296445731345 -0.005937953403206671 0.9996160856523227 0.0 2.4580564498901367 0.01940302550792694 0.010000282898545265 1.0
1403045954 43814000 0.9999612183099368 -0.006702475173612731 0.005713029201230559 0.0 0.006638358773517658 0.9999155906760385 0.0111688726281213 0.0 -0.005787406059805136 -0.01113051434284333 0.9999213056943845 0.0 2.3738221611525625 0.0017955547124617298 0.13122593739513372 1.0
1403045954 430792000 0.9999421148010981 -0.010757778813626316 0.00019298213564950426 0.0 0.01074784717977066 0.9995324529840707 0.02862445130734767 0.0 -0.0005008274232537165 -0.028620720232787902 0.9995902178119035 0.0 2.394334554672241 -0.08290836960077286 0.05262885242700577 1.0
1403045954 817878000 0.9998893180868174 -0.014757409057220458 -0.0018895644464542456 0.0 0.014793089330614491 0.9996801055987431 0.02051465276680036 0.0 0.001586216862820498 -0.020540334661436205 0.9997877667625567 0.0 2.3819273190929278 -0.08790051791333989 0.11113190090707509 1.0
1403045955 204958000 0.999831463179283 -0.009871289723481256 -0.015479110955387674 0.0 0.010396260096893834 0.9993606159012287 0.03420931395854819 0.0 0.015131523808653324 -0.034364473293095596 0.999294811335732 0.0 2.412738800048828 -0.09078068286180496 0.016738997772336006 1.0
1403045955 592075000 0.9994623345672177 -0.030469513054640504 -0.012109936236833464 0.0 0.030204432686782592 0.9993124706871477 -0.021500655227650895 0.0 0.012756724795836102 0.021123321314646153 0.9996954892711688 0.0 2.3608956535637877 0.04279058287162383 0.14021531303288973 1.0
1403045955 979118000 0.9993456840830617 -0.03609243134950926 0.0023537425174607234 0.0 0.03603281318896992 0.9991137598335972 0.02175617808489941 0.0 -0.003136889900257309 -0.02165713070686012 0.9997605356340585 0.0 2.37176513671875 -0.09817139804363251 0.06443537026643753 1.0
1403045956 366161000 0.9993056099498372 -0.01017419132110421 0.035843880283045325 0.0 0.009324467991325277 0.9996733926810698 0.023794164456824255 0.0 -0.036074259790915573 -0.02344341691138935 0.9990740983450909 0.0 2.330032022738894 -0.05364083745484835 0.20120101214190933 1.0
1403045956 753218000 0.9999588635368037 -0.008834741006695361 -0.0020539195525894937 0.0 0.008808572567293818 0.9998840874175347 -0.01241856588059263 0.0 0.002163396290699597 0.012399962925287965 0.9999207771798427 0.0 2.375342607498169 0.028979334980249405 0.05882377177476883 1.0
1403045957 140301000 0.9998614255488324 -0.01207374598543512 -0.01146099285994996 0.0 0.011949461447136173 0.9998697205896665 -0.01085136945576783 0.0 0.011590516406961378 0.010712913040875204 0.9998754389540722 0.0 2.3939008454660433 0.053724339953813115 0.05039251254590278 1.0
1403045957 527368000 0.9998985209057087 -0.013220280752106392 0.005307736561989425 0.0 0.013265754208834957 0.9998748015475397 -0.008625601169711344 0.0 -0.005193039172466516 0.008695136980153522 0.9999487121533032 0.0 2.299623489379883 0.02689976990222931 0.12869219481945038 1.0
1403045957 914434000 0.9992274864224058 -0.03807511873737498 0.009732199704875915 0.0 0.03783730548432097 0.9990063357512349 0.023551633543706995 0.0 -0.010619260409603124 -0.023165199373752148 0.9996752496917822 0.0 2.284769549758474 -0.10768925827299941 0.09988850724646595 1.0
1403045958 301529000 0.9996854982871475 -0.024959227909414586 0.0024375103166158966 0.0 0.02491824013439737 0.9995677051436306 0.01560397841899881 0.0 -0.002825919847097054 -0.015538332473659216 0.9998752794228668 0.0 2.271023750305176 -0.07791092991828918 0.08084578812122345 1.0
1403045958 688577000 0.9999147487598916 -0.012985931748052884 0.0013641074289585085 0.0 0.012976993853918815 0.9998955142901214 0.006368526753421146 0.0 -0.0014466661529810188 -0.0063502818148960735 0.9999787903140311 0.0 2.2910709750841143 -0.06461113841764347 0.06286760670708857 1.0
1403045959 75676000 0.9998034122158094 0.006919950095792143 -0.018580936798131078 0.0 -0.00706803794672203 0.9999436877339325 -0.007916072299278735 0.0 0.018525111638208625 0.008045846862540762 0.9997960214899119 0.0 2.3008809089660645 0.06982596218585968 0.04703439027070999 1.0
1403045959 462724000 0.9996428232458409 0.025846625523893683 0.006795430973245032 0.0 -0.025851334305792034 0.9996656147338177 0.0006059979112816497 0.0 -0.006777495680169062 -0.000781452420755962 0.9999767271713974 0.0 2.263017489493281 0.10443792873954774 0.13035754870024924 1.0
1403045959 849813000 0.9999488902552147 0.010072591060142676 0.0008716574439272483 0.0 -0.010065962476717245 0.9999226806099377 -0.007301315035919687 0.0 -0.0009451332084634307 0.007292167796448481 0.9999729651405815 0.0 2.331371784210205 0.07295183092355728 0.05592264235019684 1.0
1403045960 236877000 0.9996742060732766 0.023971724302082376 0.008765737033993845 0.0 -0.023995714728794918 0.9997085703613545 0.0026419728823450926 0.0 -0.008699849792868412 -0.002851452268880806 0.9999580900385475 0.0 2.3397611445863045 0.059279933526898594 0.10624458469323812 1.0
1403045960 623951000 0.9994977806898081 0.031312901061408396 -0.004867095978788056 0.0 -0.031395492106301645 0.9993460853252591 -0.017936689228591728 0.0 0.004302263538120032 0.018080485950282874 0.9998272783617429 0.0 2.362694263458252 0.13763271272182465 0.027934923768043518 1.0
1403045961 11005000 0.999605019584157 0.028012383352938493 -0.002260796551027117 0.0 -0.028036625569232587 0.999540541314927 -0.011517547245547086 0.0 0.0019371238596887184 0.011576383146335908 0.9999311150796346 0.0 2.35032251223558 0.12653589680613406 0.09899013927358984 1.0
1403045961 398208000 0.9998500322613583 0.016511340137565673 -0.005223852392864553 0.0 -0.016505160519727856 0.9998630315266595 0.0012238719444223126 0.0 0.005243344655736526 -0.0011374678808388264 0.9999856066482363 0.0 2.364051342010498 0.07742857933044434 0.033219970762729645 1.0
1403045961 785147000 0.9999122846536994 0.01104398492451147 -0.007311182914298973 0.0 -0.010977715535063354 0.9998988515995464 0.009043026680239399 0.0 0.007410314450170286 -0.008961973381764545 0.9999323828503877 0.0 2.3235761012425704 0.025760021443552696 0.07631455529884376 1.0
1403045962 172230000 0.9997367068877147 0.013304826339447233 -0.01869487890800468 0.0 -0.013084993746134928 0.999844375288892 0.011832503616261723 0.0 0.01884939892865067 -0.01158476582596248 0.9997552167209662 0.0 2.3220555782318115 0.01301867701113224 0.04525548592209816 1.0
1403045962 559298000 0.9999467150430161 0.009727228183340262 -0.00345660332557514 0.0 -0.009786408634764794 0.9997983071859682 -0.017537706637582737 0.0 0.0032853128792471645 0.01757059987427132 0.999840227606063 0.0 2.2513764813846016 0.06710300371218639 0.0536384401700051 1.0
1403045962 946353000 0.9994785269099908 0.0018415253416626115 0.03223791293261351 0.0 -0.0007573382842945951 0.9994347115981925 -0.03361076749139887 0.0 -0.032281584294422364 0.03356882537494792 0.9989149279485157 0.0 2.1458353996276855 0.0904337614774704 0.1685192584991455 1.0
1403045963 333478000 0.9996331016032413 -0.022951060600514626 -0.014384401148304074 0.0 0.022569580698579686 0.9994033717369265 -0.02614411191746598 0.0 0.014975854104996007 0.02580986978220139 0.9995546880564623 0.0 2.2076273757472764 0.07908527606765432 -0.01640666000419655 1.0
1403045963 720515000 0.9989232435576892 -0.04630122772732512 -0.0029240025868750106 0.0 0.046310031239061814 0.998922554561209 0.0030184425695349115 0.0 0.0027810945368308805 -0.003150603093193699 0.999991169567675 0.0 2.0796589851379395 -0.062427107244729996 0.14018338918685913 1.0
1403045964 107575000 0.9993926131213773 -0.030732606553941524 0.01642899062102421 0.0 0.030413446871961864 0.9993503638578067 0.019335783062387955 0.0 -0.017012556768205775 -0.01882437652805549 0.9996780560563179 0.0 1.992362044706165 -0.09785232249010073 0.15247407486117376 1.0
1403045964 499688000 0.9990948166976502 -0.04253552369470592 -0.0005258059583530276 0.0 0.04253734988521274 0.9990861808375199 0.004168587799420198 0.0 0.0003480124016768386 -0.004187180855371977 0.9999911731629698 0.0 2.050034999847412 -0.09605956077575684 0.0030416902154684067 1.0
1403045964 881749000 0.9983096695928516 -0.057941648678164884 0.004535299975494721 0.0 0.05802374111007022 0.9980994001015964 -0.020756516673689895 0.0 -0.0033240133879326537 0.020984586374044486 0.9997742735586405 0.0 1.8707229552251325 -0.06390477249052279 0.20496539960429216 1.0
1403045965 268803000 0.9979240870403858 -0.0642822553482846 -0.003912563347766447 0.0 0.06436583796393708 0.9975470162896793 0.02751343662210112 0.0 0.002134340135158029 -0.027708156540919755 0.9996137767424433 0.0 1.9066170454025269 -0.2027149200439453 -0.020779330283403397 1.0
1403045965 655867000 0.9974454900030201 -0.07141366468373346 -0.0016071618071471488 0.0 0.07140595258090411 0.9974374946252552 -0.004431055371759486 0.0 0.0019194813488921376 0.004304975276724165 0.9999888913279077 0.0 1.817405387478707 -0.12999377082599978 0.10080179216849341 1.0
1403045966 42925000 0.9973086383876791 -0.07237685602448274 0.011707711532356817 0.0 0.07236219219607007 0.9973770190144529 0.0016718500001087241 0.0 -0.011798005674375573 -0.0008201547751163227 0.9999300647586572 0.0 1.725264072418213 -0.1628510057926178 0.014109119772911072 1.0
1403045966 430031000 0.9973770065844251 -0.06570547160515666 -0.030362768942171325 0.0 0.06622662042045405 0.9976683629095334 0.01648855351741594 0.0 0.02920858579898781 -0.01845612772375453 0.9994029366902359 0.0 1.7306814893362452 -0.20525890841112815 0.06413645262437204 1.0
1403045966 817195000 0.9974880725386795 -0.06901287065210544 -0.01596147948736898 0.0 0.0685334500684381 0.997231546281041 -0.028851504703235362 0.0 0.017908416032325077 0.027685136558804887 0.9994562630995584 0.0 1.6757023334503174 -0.06932209432125092 -0.014254573732614517 1.0
1403045967 204148000 0.995800885134969 -0.09140373653977855 0.005094517737628492 0.0 0.09143372087885938 0.995793083004284 -0.006000877191703258 0.0 -0.004524582926535076 0.006441489531919074 0.9999690172010086 0.0 1.5422029763953977 -0.12801860469082962 0.18059606401540118 1.0
1403045967 591226000 0.9969441365382904 -0.07802801121040209 -0.003744073780244688 0.0 0.07809815677056084 0.9966225872848301 0.025379054803757385 0.0 0.0017511513251157653 -0.02559390513853995 0.999670888587237 0.0 1.6283363103866577 -0.23813602328300476 0.03281260281801224 1.0
1403045967 978310000 0.9977583205207775 -0.06632784317278771 0.008885440428224966 0.0 0.06609584886495957 0.9975183289508659 0.024259475878356206 0.0 -0.01047246839946907 -0.02361780318146044 0.9996662076805958 0.0 1.6373912737322953 -0.22702391145956935 0.04045968289617485 1.0
1403045968 365339000 0.9978054350228108 -0.06615599734056782 0.0027745008225013605 0.0 0.06619527577740397 0.9976453416078181 -0.017943183468195532 0.0 -0.001580918623052278 0.018087464833267064 0.9998351585697577 0.0 1.6761183738708496 -0.111050546169281 0.03737722709774971 1.0
1403045968 752423000 0.9974159387960252 -0.06162152616998443 -0.036935518787822814 0.0 0.06159266941224666 0.9980995229769392 -0.0019197155727127529 0.0 0.036983619486434575 -0.00036020228808955666 0.9993158070119746 0.0 1.8072727387709067 -0.1263236728989925 -0.017490065826020126 1.0
1403045969 139510000 0.997825691344664 -0.0658854514547138 0.0017311785442100864 0.0 0.06588520441259466 0.9964398560783856 -0.05259993401133646 0.0 0.0017405550993863708 0.05259962457180549 0.9986141647117025 0.0 1.7428114414215088 -0.0011092904023826122 0.11404397338628769 1.0
1403045969 526577000 0.9980872420404757 -0.04976320684468244 0.03668079225657673 0.0 0.04821822946435418 0.997959076071636 0.041865078927066944 0.0 -0.03868927013216552 -0.04001631830616117 0.9984497156321195 0.0 1.7387549124251953 -0.2313271260696595 0.12023873901841214 1.0
1403045969 913649000 0.9992449720416127 -0.034714093909975346 -0.01744756526184172 0.0 0.03459448241446339 0.9993761312429332 -0.0071112648933231905 0.0 0.017683541388313503 0.0065023061998832465 0.9998224904342025 0.0 1.9047521352767944 -0.047526031732559204 -0.04979223757982254 1.0
1403045970 300707000 0.9996869268203484 -0.01143890513846383 -0.022253085038269192 0.0 0.011405734150799138 0.9999336451008645 -0.0016169798328176707 0.0 0.022270104915974434 0.001362660827818354 0.9997510618061377 0.0 1.9624820191293073 -0.034565720246462844 0.11787244185487984 1.0
1403045970 687803000 0.9998496966267865 -0.014212523363381772 0.009929165874750822 0.0 0.014399811276523915 0.9997147796310367 -0.019052685439802222 0.0 -0.009655547137448177 0.01919279987164156 0.9997691767816027 0.0 1.9861938953399658 0.026542184874415398 0.07099871337413788 1.0
1403045971 74874000 0.9998647832659381 -0.007162784134324138 0.01480235481279057 0.0 0.007361820856427038 0.9998826341235101 -0.013435831641876764 0.0 -0.014704379559727967 0.01354298717698778 0.9998001643929088 0.0 2.036643086106671 0.03024029305906737 0.14864166388769323 1.0
1403045971 461918000 0.9995269540590551 -0.0015031290936861831 -0.03071821466744475 0.0 0.0021120543824808993 0.9998017276569968 0.019800116170614168 0.0 0.030682361964375345 -0.01985562834593979 0.9993319501983687 0.0 2.174053907394409 -0.022365089505910873 -0.02663329616189003 1.0
1403045971 848994000 0.9996982369708184 -0.0047152469570524835 0.02410811986802989 0.0 0.004763726571602204 0.9999867445247498 -0.0019538894400092004 0.0 -0.02409858723220723 0.002068144319619802 0.9997074476428016 0.0 2.082856118437741 0.0013026547793013495 0.20547102312594415 1.0
1403045972 236074000 0.9999878022302784 0.004804511160020593 -0.0011454532600696896 0.0 -0.004789839998131129 0.9999105972773116 0.012484185408841416 0.0 0.001205331261550072 -0.012478546591781563 0.9999214134378295 0.0 2.220273494720459 0.026245178654789925 0.016300257295370102 1.0
1403045972 623181000 0.9999117939451204 0.001167469784836254 -0.013230319110001686 0.0 -0.0011235217928743716 0.9999938286769697 0.003328709473102571 0.0 0.013234123629161008 -0.003313551308925339 0.999906934844184 0.0 2.25865016786319 0.016881549369009173 0.03862557101050933 1.0
1403045973 193991000 0.9999766245196446 0.004717720676521769 -0.004949093443846406 0.0 -0.004594739051332375 0.9996874764195993 0.024573112600224337 0.0 0.0050634758168441735 -0.024549798398998346 0.9996857849400584 0.0 3.298346996307373 0.0075037842616438866 0.08667390793561935 1.0
1403045973 397282000 0.9998980389924816 -0.0019388754111913542 -0.014147522084431692 0.0 0.001856267627627933 0.9999811667288503 -0.005849825476200195 0.0 0.014158597723087743 0.005822967434844353 0.999882806713251 0.0 1.2607910483634521 0.01691217236942427 0.037132093761819154 1.0
1403045973 784349000 0.99995468866651 -0.008639748438920403 -0.0039969189102331696 0.0 0.008723782052624824 0.9997306143922807 0.021508004871003752 0.0 0.003810018446294985 -0.021541898564077226 0.9997606865473826 0.0 2.3713204860687256 -0.055775236338377 0.06924761086702347 1.0
1403045974 171582000 0.9999127044222446 -0.012937411349921851 0.0026845712052213457 0.0 0.012962816517349846 0.9998691980532237 -0.009672237194188067 0.0 -0.0025590863468262187 0.009706192454615058 0.9999496191834384 0.0 2.4309850137487135 -0.013452848994403382 0.10331939575124155 1.0
1403045974 809055000 0.9996589349774665 -0.025070841058895742 0.0073120891896208875 0.0 0.025120597766071864 0.9996613401967014 -0.0067941507202941434 0.0 -0.007139277806095553 0.006975517524487739 0.999950185193079 0.0 3.9808290004730225 -0.05569298565387726 0.14087292551994324 1.0
1403045974 945554000 0.9998486284729733 -0.00799930312150846 0.015450931696328203 0.0 0.0081767329582464 0.9999009616040238 -0.011454606997978052 0.0 -0.01535777258732208 0.011579211239062257 0.9998150132340669 0.0 0.8245697072921927 0.0282211631896538 0.092536068305516 1.0
1403045975 332636000 0.9996463638825986 -0.016507305363231774 0.020848406316653204 0.0 0.016680732334277183 0.9998274697745522 -0.008172138827084587 0.0 -0.020709909345321756 0.008517015549003259 0.9997492486123941 0.0 2.385127544403076 -0.0032424330711364746 0.08688007295131683 1.0
1403045975 719711000 0.9998337308238756 -0.015682986096082603 -0.009303475367828442 0.0 0.015730089248943264 0.9998637149084127 0.005011576774694014 0.0 0.009223610953958879 -0.005157088001813888 0.9999441631632796 0.0 2.404015273614381 -0.04648356607495536 0.062384269097947795 1.0
1403045976 106773000 0.9996115650906029 -0.027715273268864422 -0.0029296014656445394 0.0 0.027700848654820608 0.9996044691967331 -0.004854703463682697 0.0 0.0030629921511588494 0.004771665280563873 0.9999839245155555 0.0 2.3251280784606934 -0.04619299992918968 0.098964624106884 1.0
1403045976 493872000 0.9996755117194044 -0.025000376914278418 0.004883894213742742 0.0 0.0249667625690868 0.9996649736033053 0.006826515767332842 0.0 -0.00505292344745706 -0.00670236561572199 0.9999647725094056 0.0 2.2672204930718016 -0.07239317917579824 0.07852830851815464 1.0
1403045976 880913000 0.9995968613702632 -0.02795547340741267 -0.004960468252730981 0.0 0.02797590734029772 0.999600193832233 0.004098914374499338 0.0 0.004843897935132948 -0.004236035543977884 0.9999792961135067 0.0 2.323641777038574 -0.0791512280702591 0.05783052742481232 1.0
1403045977 268028000 0.9993770504879109 -0.02540935901229407 -0.0244923545758246 0.0 0.025566610357632105 0.9996543336161827 0.006128761474122705 0.0 0.024328160491590502 -0.006751130051333765 0.9996812306181033 0.0 2.3549537867628505 -0.08145419857116051 0.026956158603083993 1.0
1403045977 655057000 0.9998191723109793 -0.017373988048753265 0.007730926119814815 0.0 0.01743574051425635 0.9998160339111859 -0.00799332764409309 0.0 -0.007590627912615399 0.0081266766508876 0.9999381678356438 0.0 2.3175466060638428 -0.021941140294075012 0.09439466893672943 1.0
1403045978 42157000 0.9998747504512634 -0.00762232922404871 0.013870238181943747 0.0 0.00781581744453004 0.9998721531500453 -0.013949564608478376 0.0 -0.013762136741706102 0.014056224681348317 0.9998064943477862 0.0 2.332000134360678 0.04878284631334637 0.12775298669361768 1.0
1403045978 429202000 0.9997900801156668 -0.011950790099141021 0.016642545427749036 0.0 0.011943929469393617 0.9999285378677693 0.0005115725316622961 0.0 -0.016647469811913406 -0.0003126877536354078 0.9998613723788063 0.0 2.314971923828125 -0.0035334862768650055 0.10934915393590927 1.0
1403045978 816295000 0.9997271495078499 -0.023239088826238603 -0.002360357480387374 0.0 0.0232621127413103 0.9996768883755006 0.010246607179323889 0.0 0.002121473007039605 -0.010298718289330709 0.9999447163487977 0.0 2.312589335546997 -0.06405481439397698 0.08572371577919095 1.0
1403045979 203352000 0.9993135769334627 -0.02942869503148954 -0.022501708050543055 0.0 0.029951201722129613 0.9992809823896356 0.02324744609210029 0.0 0.021801386924886024 -0.023905441705778872 0.9994764776546785 0.0 2.3096354007720947 -0.13228163123130798 0.015615088865160942 1.0
1403045979 590424000 0.9990566212001346 -0.03991315521730448 -0.017111624024917633 0.0 0.03971300937994033 0.9991404891136921 -0.011881073168731961 0.0 0.017571127515317562 0.011190310730777364 0.9997829926657029 0.0 2.2673599309714385 -0.07471790675032002 0.08193694354126495 1.0
1403045979 980814000 0.9982613294577564 -0.0589432850940446 -8.515606243948953e-05 0.0 0.05892980328893154 0.9979999508140569 0.02287742248304483 0.0 -0.0012634846895088875 -0.022842664412499516 0.9997382738942114 0.0 2.229642152786255 -0.1773102730512619 0.06047658249735832 1.0
1403045980 364542000 0.997554176180288 -0.06381697648585516 -0.02851419115932968 0.0 0.06343136743556585 0.9978847447814481 -0.014230170684797712 0.0 0.029362002835658558 0.012386672057822862 0.9994920925874355 0.0 2.277815323161194 -0.12470556838017338 -0.02556693590455631 1.0
1403045980 751652000 0.9980583248075195 -0.054276953391031516 0.030554747797938535 0.0 0.05382968084759411 0.9984332768255744 0.015276033097378525 0.0 -0.03133601350290104 -0.013601619680532076 0.9994163547790341 0.0 2.1631741523742676 -0.1695232391357422 0.17208117246627808 1.0
1403045981 138690000 0.9991401067847397 -0.0409200793261469 0.006677883056834076 0.0 0.04089736968526665 0.999157213245637 0.003502623593729746 0.0 -0.006815582660751647 -0.0032265038593755654 0.9999715683487406 0.0 2.2535629572702915 -0.1136393914730491 0.0849398805552259 1.0
1403045981 525767000 0.9990923824684294 -0.03405310205341248 -0.025589011979707383 0.0 0.03376549870254616 0.9993625932181875 -0.011588717512639861 0.0 0.02596733315005773 0.01071417363865672 0.999605374181389 0.0 2.322669506072998 -0.07056376338005066 -0.0013838107697665691 1.0
1403045981 912865000 0.9994440617490594 -0.02740666698939274 0.01898531113979468 0.0 0.02788785265479612 0.999284172869852 -0.025561876420170847 0.0 -0.018271155104334885 0.02607712515497511 0.9994929456653534 0.0 2.2535141093457276 0.007213013821682372 0.11893655192319202 1.0
1403045982 299905000 0.99904865931563 -0.04132169431346446 0.013938934633133877 0.0 0.04168414380589353 0.9987713402672387 -0.026800037611040387 0.0 -0.012814385463679792 0.027355574200666862 0.9995436279049255 0.0 2.2784783840179443 0.005392236635088921 0.10860863327980042 1.0
1403045982 686971000 0.9985799771350331 -0.05128894550842732 0.014403934657945547 0.0 0.051176839818312225 0.9986571879206847 0.008046867748448969 0.0 -0.01479730824196091 -0.007298293155511691 0.9998638780283088 0.0 2.2454572333188243 -0.10701436179775439 0.09930605735989399 1.0
1403045983 74115000 0.9982823574122376 -0.058528586198002115 0.0025960502939437555 0.0 0.05853816797043613 0.9982780043845018 -0.003782704424324016 0.0 -0.0023701835647593596 0.00392817511827446 0.9999894757796752 0.0 2.266326665878296 -0.11297307908535004 0.07052206993103027 1.0
1403045983 461134000 0.9963077974017028 -0.08339929150220465 0.020379671574827844 0.0 0.08362995820143021 0.9964390036101192 -0.01073974746909299 0.0 -0.01941141230808797 0.012404445227544277 0.9997346281943035 0.0 2.196644671190013 -0.14347287965940247 0.12863175298681842 1.0
1403045983 848214000 0.9948539510561302 -0.10106184476923115 -0.007219390545380384 0.0 0.10111007529081552 0.9948529503385188 0.006660321120647848 0.0 0.0065091276445095395 -0.007355999903776316 0.9999517590977692 0.0 2.1718811988830566 -0.22803828120231628 0.03592285141348839 1.0
1403045984 304944000 0.992445737174562 -0.12265875688983353 -0.002507612865083369 0.0 0.12268381421163342 0.9922962221151564 0.017230476095383893 0.0 0.00037482599406980896 -0.017407956061206525 0.9998483997943115 0.0 2.4298007609312657 -0.31666410028917874 0.0477242661100392 1.0
1403045984 622328000 0.9952025331097579 -0.09755426908320533 -0.00742177037927843 0.0 0.09762731816330816 0.9951706210028307 0.010214785415288022 0.0 0.006389431912256722 -0.010890347858620081 0.9999202845644031 0.0 1.6575242280960083 -0.21336957812309265 0.05523920804262161 1.0
1403045985 113184000 0.9868708674682267 -0.16076325775724193 -0.015526296976045665 0.0 0.16026959667418578 0.9866457904864468 -0.029047211523109333 0.0 0.01998867990647666 0.02617745347914951 0.9994574496220153 0.0 2.4662554004127233 -0.3401068423711523 0.03832859655492525 1.0
1403045985 396470000 0.9933037891729366 -0.11550570999109322 -0.0024522182080309826 0.0 0.11552290082140648 0.993266572615951 0.00871637020606136 0.0 0.0014289158456010347 -0.00894129091435365 0.9999590049178472 0.0 1.3822965621948242 -0.2115069329738617 0.05920911580324173 1.0
1403045985 783526000 0.9861852316079671 -0.1656444204751225 -0.0007841707729314078 0.0 0.16563629355163534 0.9861667198854734 -0.006310217809446663 0.0 0.0018185754910894124 0.006093156471565996 0.9999797829093328 0.0 1.827839060730132 -0.31237582783309487 0.05938488492060373 1.0
1403045986 867280000 0.9999138271050305 -0.00790082355295424 0.010484052239288732 0.0 0.007785940707533003 0.9999096925478647 0.010953806467776363 0.0 -0.010569649543378058 -0.01087123433745232 0.9998850427786737 0.0 -0.010492926463484764 -0.029956096783280373 -0.030637992545962334 1.0
1403045986 944911000 0.9992872466961955 -0.03760334751591151 -0.0033146411471464358 0.0 0.03749908867875438 0.9989235358734764 -0.027305454149208132 0.0 0.004337849536311694 0.02716169607423631 0.9996216410861517 0.0 0.387757071222507 -0.008424525934377671 -0.07421794808801771 1.0
1403045987 331850000 0.9853518917760362 -0.17047939371861437 0.004292515663352898 0.0 0.17032234912185035 0.9850724457970209 0.024951431243312863 0.0 -0.008482143773892732 -0.023854828626693424 0.9996794488175648 0.0 1.8807270140046506 -0.4203523252221465 0.12635645690901642 1.0
1403045987 718904000 0.9881626541426295 -0.1531412610015111 -0.009073209832308561 0.0 0.15312159419725163 0.9882033086750592 -0.0028280937321519192 0.0 0.009399273816962615 0.00140531225451811 0.9999548383548035 0.0 1.9948538541793823 -0.33729928731918335 -0.04298415407538414 1.0
1403045988 105973000 0.9940290277620545 -0.10869410351235922 -0.009585605253152529 0.0 0.1089170476121242 0.9936828873657142 0.02704433574698202 0.0 0.006585492075995103 -0.027926890592791756 0.9995882752793448 0.0 2.096473629913814 -0.33022869074853933 0.044315462740071 1.0
1403045988 493081000 0.9982564159355106 -0.058445655459813 -0.008260351170599489 0.0 0.05862427378356099 0.9980069831292708 0.02335072051482148 0.0 0.006879139985410693 -0.023794263659211074 0.9996932081643733 0.0 2.2308568954467773 -0.21575650572776794 0.055352166295051575 1.0
1403045988 880131000 0.9999470337857796 -0.010157682932789694 0.001658644162482244 0.0 0.010125943275547594 0.9997842194245542 0.018137802028230617 0.0 -0.0018425243013908802 -0.018120046000819293 0.9998341207606024 0.0 2.3263115162714887 -0.07352913046751505 0.08937772754496746 1.0
1403045989 267178000 0.9995948319119065 -0.0071583874728569545 -0.027548675173152137 0.0 0.007334269189706936 0.9999533295503856 0.006288657770212249 0.0 0.027502372815092154 -0.006488159206306511 0.9996006819123591 0.0 2.5076968669891357 -0.01732712984085083 0.011594753712415695 1.0
1403045989 654279000 0.9999396290560693 -0.008659809877763979 -0.0067635742098127935 0.0 0.008472872678224141 0.9995942408239632 -0.02719492857396809 0.0 0.0069963327386042915 0.027135979887330484 0.9996072678426089 0.0 2.5717933967632467 0.060596520659236756 0.08878886905376303 1.0
1403045990 56200000 0.9995300794250555 0.014063701740167401 0.027236604375472213 0.0 -0.013964529938597179 0.9998951639572367 -0.003827923526496863 0.0 -0.027287583772412 0.003445778329245439 0.9996216856309037 0.0 2.6394848823547363 0.06619178503751755 0.12662339210510254 1.0
1403045990 428393000 0.9989025112214697 0.04398459540960682 0.0160974669465344 0.0 -0.04420972255888156 0.9989254681177032 0.013907177179212837 0.0 -0.015468468143558739 -0.01460357875592467 0.9997737053857794 0.0 2.4421765312219392 0.09251339377945564 0.22137270292909675 1.0
1403045990 815457000 0.999797704557863 0.01985508116192141 0.003213364729031399 0.0 -0.01980774555891126 0.9997037124346387 -0.014147104307053869 0.0 -0.003493304553241939 0.014080592901392481 0.9998947613258325 0.0 2.4525444507598877 0.1019839197397232 0.09155379235744476 1.0
1403045991 202570000 0.9999064555711333 -0.0029004832361361832 0.013366648950658113 0.0 0.0029999871278926565 0.9999678958640011 -0.007430162754246082 0.0 -0.013344668763431898 0.007469567478709883 0.9998830558506706 0.0 2.367557111680683 0.04690190379189749 0.17893977130169542 1.0
1403045991 589625000 0.9999714075393584 -0.005378749796811219 -0.005315369636974413 0.0 0.005350717101131087 0.9999717763632695 -0.0052741163611489585 0.0 0.0053435877702185785 0.005245524521969091 0.9999719648781317 0.0 2.2420926094055176 0.05520614981651306 0.06474564969539642 1.0
1403045991 976669000 0.9997516701622419 -0.0002510164249107554 -0.022283065286496616 0.0 0.0005046778416719286 0.9999351331098834 0.011378702597220043 0.0 0.02227876361210314 -0.0113871226951448 0.9996869460629371 0.0 2.1419789501695776 -0.014179105928161427 0.0393623698843386 1.0
1403045992 363771000 0.9997224164907853 0.019101692926395145 0.013791856045161864 0.0 -0.019316362808721302 0.9996916608209484 0.015603250074768696 0.0 -0.013489554984009318 -0.015865327365031788 0.999783138132432 0.0 1.9380223751068115 -0.0062383003532886505 0.123384490609169 1.0
1403045992 750823000 0.9998342885636201 0.017137679736950528 0.006139653549947632 0.0 -0.01715170632417135 0.9998503911432027 0.0022392634846956777 0.0 -0.006100359222951531 -0.0023441979477480538 0.9999786449486472 0.0 1.8960601199369376 0.03907560985174183 0.08072149204744035 1.0
1403045993 137892000 0.999938136098608 0.0030620513525012405 -0.010693353877827282 0.0 -0.003005867938096777 0.9999816159088243 0.005266175302371662 0.0 0.010709282589441753 -0.0052337067066499585 0.9999289572667291 0.0 1.8978691101074219 0.00027816928923130035 0.06548592448234558 1.0
1403045993 524956000 0.9999410228342834 -0.0016971535766200046 0.010727092936316707 0.0 0.001901976413959421 0.9998155265149206 -0.01911270324713465 0.0 -0.010692676879423222 0.01913197871182318 0.9997597881750009 0.0 1.8338162261292323 0.03775103517443491 0.10810916119630536 1.0
1403045993 912043000 0.999976694854984 -0.005611373184044917 0.00388873217019137 0.0 0.005578624207087998 0.999949310954918 0.008381794124215363 0.0 -0.00393556842885389 -0.008359905009868293 0.9999573107334971 0.0 1.8439220190048218 -0.025565266609191895 0.11153356730937958 1.0
1403045994 299161000 0.9999840244769785 -0.005561216371367337 -0.00101176247028625 0.0 0.0055446124234968495 0.9998608459599286 -0.01573359429275282 0.0 0.001099119601612226 0.015727733109592607 0.9998757074493483 0.0 1.8280176322035624 0.024666734523935956 0.0427482094615827 1.0
1403045994 686192000 0.9999983646395617 0.0008665045536220763 -0.001587415528716549 0.0 -0.000887493078340231 0.9999115667087949 -0.013269179251154612 0.0 0.0015757773440928816 0.013270566371558002 0.9999107005097705 0.0 1.8033803701400757 0.03904637694358826 0.06348743289709091 1.0
1403045995 111579000 0.9999706892691792 0.005275398534135308 -0.005548943397513023 0.0 -0.00527929991571466 0.9999858272604177 -0.0006886731430582249 0.0 0.005545231728493905 0.0007179474939559012 0.9999843673560469 0.0 1.9765898255351684 0.0379876942196863 0.09847537181605409 1.0
1403045995 460335000 0.9999988857010883 0.0003666209322629304 -0.001447130150885484 0.0 -0.00039195629925809134 0.9998459796391527 -0.017546035725555045 0.0 0.00144047451940223 0.01754658338580502 0.9998450092112496 0.0 1.6344033479690552 0.04817403107881546 0.025902412831783295 1.0
1403045995 847407000 0.9999875321880795 0.004754600438017833 -0.0015261857912903334 0.0 -0.0047487621685881 0.9999814797524905 0.0038064957487736464 0.0 0.0015442558923061656 -0.0037992007967526577 0.9999915906381638 0.0 1.7926067613140773 0.019887800751842634 0.057576322781112015 1.0
1403045996 234492000 0.9998045159549637 -0.004498619251901599 0.019253371156427473 0.0 0.004544304240361861 0.9999869607251651 -0.002329737886100511 0.0 -0.019242639502723174 0.0024167756357020755 0.9998119223236412 0.0 1.6986079216003418 0.016291826963424683 0.19133774936199188 1.0
1403045996 621525000 0.999995488611316 0.00038549284661539495 -0.002978951540464609 0.0 -0.00040955374655008835 0.9999672676722979 -0.008080584739214535 0.0 0.002975739024833141 0.008081768325320173 0.9999629143113218 0.0 1.693873844990307 0.04975452638566667 0.07543518099925767 1.0
1403045997 8596000 0.999855521296554 0.009526940536487121 -0.014077426498141794 0.0 -0.009523023230898016 0.9999545953753567 0.0003452770632454979 0.0 0.014080076751925854 -0.00021116751849000693 0.9999008485079603 0.0 1.7148274183273315 0.03083544224500656 -0.0012424662709236145 1.0
1403045997 395707000 0.9998809325215116 0.013215105049440738 0.007967545321152632 0.0 -0.013311298214928241 0.9998376596835554 0.012143459900046246 0.0 -0.007805774769081127 -0.01224807238070664 0.9998945217387739 0.0 1.6436181397670577 0.020359645383956657 0.0968161828360302 1.0
1403045997 782752000 0.9993586853372746 0.031248173505050263 -0.017486271573800508 0.0 -0.03118917200229953 0.9995068829324206 0.0036368283610177152 0.0 0.017591293038472306 -0.003089113677869794 0.9998404891711077 0.0 1.732476830482483 0.06215610355138779 -0.01776336506009102 1.0
1403045998 169830000 0.9994282383087271 0.03214232739650364 0.010491294517374274 0.0 -0.03212729439672119 0.9994825072207318 -0.0015983474297099187 0.0 -0.010537239954595455 0.0012603766483178756 0.9999436874268689 0.0 1.706173549913305 0.1056343786497215 0.123850585350191 1.0
1403045998 556921000 0.9993581474294265 0.03473011648380989 -0.008781353850375583 0.0 -0.034761458139447275 0.9993897106347885 -0.0034419914777753993 0.0 0.008656453918549118 0.0037450348909750025 0.9999555192703431 0.0 1.8394283056259155 0.11364642530679703 0.02839999459683895 1.0
1403045998 943983000 0.9994538322250882 0.0330305665007234 0.0010094192520820394 0.0 -0.033031325011072164 0.9994540398090604 0.0007442293745800752 0.0 -0.0009842858315055754 -0.0007771653558664921 0.9999992135973965 0.0 1.8820645178838562 0.1106763030869253 0.09395049035825453 1.0
1403045999 331045000 0.999725720466702 0.023131896950337072 -0.003660489149353586 0.0 -0.02315377343290309 0.9997136010801883 -0.006051329696863986 0.0 0.003519462054254856 0.006134424077396632 0.9999749908013137 0.0 1.9184268712997437 0.10906514525413513 0.030063942074775696 1.0
1403045999 719141000 0.9995492321682989 0.021932028011410143 0.02050167356755913 0.0 -0.021940646926320827 0.9997592559105111 0.0001955344362806056 0.0 -0.020492449444089407 -0.0006452662767912396 0.9997897994814778 0.0 1.8830763999022984 0.07976321360684852 0.1312219800316205 1.0
1403046000 133626000 0.9997656210234102 0.01911314261991524 -0.01016812661534713 0.0 -0.01899256564023744 0.9997496875110147 0.0118255981679425 0.0 0.010391605750615419 -0.011629707684166109 0.9998783748182098 0.0 2.118492603302002 0.02862246334552765 0.04949495941400528 1.0
1403046000 549360000 0.9998594222261873 0.011426266926160335 -0.012270949826611472 0.0 -0.011835366261115877 0.999358516460063 -0.0338005870393887 0.0 0.011876863684505337 0.03394106661367886 0.9993532629186466 0.0 2.1498124038164788 0.14373070933539955 0.08888946531362955 1.0
1403046000 879314000 0.9998722356591887 0.015853569964626817 0.0020436920688942 0.0 -0.0158839978980814 0.9997482255153378 0.015848791427327476 0.0 -0.0017919175956288321 -0.01587922851746475 0.9998723114143229 0.0 1.7252286672592163 -0.005047176964581013 0.04279535263776779 1.0
1403046001 266396000 0.9995909888945804 0.02041566987907852 0.020026366224141078 0.0 -0.019974590713034344 0.9995587825843477 -0.02198308177538796 0.0 -0.020466329583041863 0.021574071982013925 0.999557746591718 0.0 1.9862562870081846 0.11883686574519145 0.13060436654031443 1.0
1403046001 653494000 0.9992474598512897 0.037013126158673006 0.011599244488638479 0.0 -0.03699684982118492 0.999314077606429 -0.0016147448469062515 0.0 -0.011651055061827825 0.0011843941801936671 0.9999314227117638 0.0 1.9875408411026 0.09504272043704987 0.056392114609479904 1.0
1403046002 40566000 0.9984911277059203 0.03627739868547755 -0.04122400074197432 0.0 -0.036876163113871346 0.9992237505583264 -0.013858027065592585 0.0 0.04068926746156217 0.015357300048070104 0.9990538207967952 0.0 2.105793770191439 0.17374843609267146 -0.03999646294446074 1.0
1403046002 427607000 0.9997506646195035 0.022281482112456476 -0.001464290863634236 0.0 -0.022276082080861886 0.9997453537518305 0.0036060808024835924 0.0 0.0015442668123561937 -0.0035725630154860312 0.9999924259880735 0.0 2.034524917602539 0.09602067619562149 0.03210673853754997 1.0
1403046002 822776000 0.9999686116286721 -0.005574878809558528 0.0056299630269344 0.0 0.005518876577077857 0.9999356232668546 0.009914198064092437 0.0 -0.005684871041008272 -0.009882815802483019 0.9999350039842896 0.0 2.0910701295916025 -0.0019991080726176128 0.135280099013239 1.0
1403046003 201745000 0.9999026267366333 -0.013916610544489146 0.0010319864988724845 0.0 0.01391358223787254 0.999899037233056 0.002885752885747819 0.0 -0.0010720422056986977 -0.0028711132615516274 0.9999953037060466 0.0 2.0580012798309326 -0.01905946619808674 0.04625613987445831 1.0
1403046003 588810000 0.9997602024098565 -0.021898013778368964 0.00012111963151156422 0.0 0.021896654336061538 0.9997363577757346 0.006910243859336662 0.0 -0.00027240831450615406 -0.006905934684807369 0.9999761166447124 0.0 2.1198842279901005 -0.05041661649357442 0.07737313998447712 1.0
1403046003 975883000 0.9998808030407547 -0.015278792087826969 0.002222211266369709 0.0 0.015271526792591151 0.9998781001712497 0.003250425719113082 0.0 -0.0022716029579561456 -0.003216101719357948 0.999992248224821 0.0 2.14109468460083 -0.03232666477560997 0.055584389716386795 1.0
1403046004 362957000 0.9999891074001176 -0.004306758727534694 0.0017991415672017955 0.0 0.00430936656258366 0.9999896660784859 -0.00144813537601437 0.0 -0.0017928862053447458 0.0014558727625661972 0.9999973329932205 0.0 2.1714475207943607 0.011514544571686906 0.11135388693250217 1.0
1403046004 750095000 0.9999266459363718 0.004279557533197196 -0.011330848765990343 0.0 -0.004321958650936396 0.9999837400482893 -0.003720257041526964 0.0 0.011314743472889069 0.0037689556054018507 0.9999288832480974 0.0 2.235652446746826 0.03727533668279648 -0.0026768390089273453 1.0
1403046005 137091000 0.9999390267262329 -0.009440478178952412 0.0057288918253681365 0.0 0.00943398837975041 0.9999548275166527 0.0011587878977692503 0.0 -0.005739572548960481 -0.0011046709437681514 0.9999829183586394 0.0 2.244350951615041 0.052047394165067054 0.10598623090376111 1.0
1403046005 524168000 0.9999693196098434 -0.0069274866355583725 -0.0036564693272321887 0.0 0.006998809814470325 0.9997781216352585 0.019867666210581694 0.0 0.0035180250436435954 -0.01989264759624459 0.9997959322138713 0.0 2.246439218521118 -0.007427575066685677 0.06333523988723755 1.0
1403046005 911242000 0.9999841792708072 -0.005621494398373475 -0.0002000220466696177 0.0 0.00562283082327848 0.9999563369848838 0.0074637723241074835 0.0 0.00015805575879326522 -0.007464778931916137 0.9999721256584478 0.0 2.1830158076555874 0.040080098669150244 0.059328116894052624 1.0
1403046006 298315000 0.9999955231995143 0.0016756785545236545 0.0024790486706762387 0.0 -0.0016823795773391302 0.999994930463581 0.0027034507754932365 0.0 -0.0024745059885610135 -0.0027076093735382673 0.999993272813169 0.0 2.1243762969970703 0.06680220365524292 0.056842654943466187 1.0
1403046006 685374000 0.9999934142817374 -0.003593785551881426 -0.0005060618150296545 0.0 0.0035924205266119383 0.99998997499101 -0.0026729070764046456 0.0 0.0005156625965881139 0.0026710714865396516 0.9999962997277541 0.0 2.1145496194784847 0.050220294072385374 0.05567555031531716 1.0
1403046007 72535000 0.9998501747863735 0.012697487496883512 0.01176442905222301 0.0 -0.012596468236672218 0.9998834924654003 -0.00862151281134681 0.0 -0.01187252995872446 0.008472030834469155 0.9998936282054802 0.0 2.090043306350708 0.07734283059835434 0.0781238004565239 1.0
1403046007 459530000 0.9999932817768673 0.0030082297137077585 -0.002094505937118927 0.0 -0.0030167527666372196 0.9999871342945698 -0.004078044639181446 0.0 0.0020822112947651056 0.004084335848548156 0.9999894912431831 0.0 2.1140690862646525 0.06238113606413642 0.054764519867868316 1.0
1403046007 846573000 0.9998579796627878 0.011023996512046882 -0.012747235212023297 0.0 -0.010944267008298918 0.9999202155134095 0.00630758489976679 0.0 0.012815752974340927 -0.006167179948654358 0.9998988560685433 0.0 2.13421893119812 0.06320761144161224 0.10334789752960205 1.0
1403046008 233685000 0.9997617163742946 0.005682563394845731 0.0210765022142671 0.0 -0.005615033154918814 0.9999789156450398 -0.003261850401120606 0.0 -0.021094593501501967 0.003142727896857689 0.999772544825258 0.0 2.0531787116414435 0.054129364207086354 0.08150364974138219 1.0
1403046008 620735000 0.9998927984487911 -0.014578243994586449 -0.001366167002793078 0.0 0.014589466120502461 0.9998565845802336 0.008599869177415955 0.0 0.0012406000821890083 -0.00861887890530214 0.9999620872002357 0.0 2.084261655807495 0.01566041074693203 0.06741563975811005 1.0
1403046009 7826000 0.9999698503621469 -0.007756212095990938 0.00037355137176719625 0.0 0.007755605953783903 0.9999686485617779 0.00159764508609231 0.0 -0.00038593133453629114 -0.0015946998004286246 0.9999986539938699 0.0 2.032683302910853 0.023884731629531607 0.10256439026817325 1.0
1403046009 394862000 0.999938943194877 0.009408976018735447 -0.0057949160987403265 0.0 -0.00926606586476918 0.99966387461221 0.024213174486085037 0.0 0.006020789458396457 -0.02415800003275729 0.9996900225213389 0.0 2.01743745803833 0.0032373182475566864 0.17570190131664276 1.0
1403046009 781964000 0.9996316408439887 0.025853935898198305 -0.008255702400556479 0.0 -0.025902619581985597 0.9996473799557852 -0.005845515060703276 0.0 0.008101661702739594 0.006057206130372763 0.999948835356864 0.0 2.0189335443250265 0.1029879760692196 -0.00045198113200387025 1.0
1403046010 169030000 0.9999573601573075 0.002338885932958483 0.008933503222218721 0.0 -0.0024068066754219554 0.9999682249988702 0.007599754880005771 0.0 -0.008915444400360965 -0.007620932042843326 0.9999312157573352 0.0 1.9397695064544678 0.05427524819970131 0.05221734195947647 1.0
1403046010 556086000 0.9995350309488938 -0.02254122994694675 0.020533262246232406 0.0 0.02347216850688753 0.9986524281088295 -0.04628590647187764 0.0 -0.01946225093810989 0.046746345149305514 0.9987171771846142 0.0 1.8511159002223596 0.12764066523850248 0.10940890734331643 1.0
1403046010 943205000 0.9994485244261082 0.003536791939872397 0.033017239818754235 0.0 -0.0038672904672345373 0.9999430053388472 0.009951388765207014 0.0 -0.032980162020783244 -0.010073588074182165 0.9994052389978725 0.0 1.719853162765503 0.014417584985494614 0.1855171173810959 1.0
1403046011 330243000 0.9999779851492282 0.00660615509685564 0.0006228416541079508 0.0 -0.006579065124950407 0.999313853891231 -0.036449105930558175 0.0 -0.0008632027406495935 0.03644420579312544 0.9993353164704711 0.0 1.6803430758691915 0.15873241063782814 -0.07004163524859301 1.0
1403046011 717329000 0.9999917138701109 0.0011687374466761518 -0.0038995184188640054 0.0 -0.0010039001100805786 0.9991167442301471 0.04200861320634116 0.0 0.003945171186058081 -0.04200435039054571 0.9991096387146813 0.0 1.632374882698059 -0.06766299903392792 0.19000177085399628 1.0
1403046012 104404000 0.9997420174338204 0.016562597123092708 0.01554281036018929 0.0 -0.016693889796059305 0.999825732327998 0.008355777537702742 0.0 -0.015401708373804295 -0.00861309185604519 0.999844288890949 0.0 1.5093954924012645 0.04980447911442776 0.04092021019210387 1.0
1403046012 491534000 0.9999673299298402 -0.0034838789842237027 -0.007293946819757213 0.0 0.0036258032574967214 0.9998025821775407 0.019535870133164844 0.0 0.007224446257263466 -0.01956167831105604 0.9997825504168047 0.0 1.551010012626648 -0.013671636581420898 0.10114923119544983 1.0
1403046012 878539000 0.9999570224363875 0.0016398625166485605 -0.009124918141030348 0.0 -0.0012713072024055781 0.999188823787124 0.04025019499208142 0.0 0.009183521010545216 -0.04023686456261168 0.9991479658549173 0.0 1.5814503877443125 -0.08840618763666087 -0.00491814085866539 1.0
1403046013 265637000 0.9998740783348836 -0.0004519012323831329 0.015862637209592804 0.0 0.0007343005276206134 0.9998412713000169 -0.017801488923715497 0.0 -0.015852074839027338 0.01781089527346113 0.999715701453596 0.0 1.5728824138641357 0.07109639048576355 0.07255386561155319 1.0
1403046013 652654000 0.999921144899588 0.004611429127018213 -0.011680697928790366 0.0 -0.0044330430996676285 0.9998738545132717 0.015251989694767116 0.0 0.011749557930988244 -0.015199005960235726 0.9998154520241459 0.0 1.7145333595694645 0.023533204574127997 -0.00506749287558711 1.0
1403046014 39747000 0.9997477498677794 0.00933223182427933 -0.020429049989898793 0.0 -0.00947140246024585 0.9999325226761169 -0.006726264194414966 0.0 0.02036490043550237 0.006918059247717387 0.9997686788885203 0.0 1.8020793199539185 0.07136081904172897 0.017710188403725624 1.0
1403046014 426819000 0.9998862198228217 0.004818932295249412 0.01429424009738507 0.0 -0.004867385796830401 0.9999825198322843 0.0033568713677994224 0.0 -0.014277813695825514 -0.003426065003606925 0.9998921972466123 0.0 1.8017189038637045 0.04339206253401794 0.07243006316727454 1.0
1403046014 813886000 0.9999169549157627 -0.010592147193263532 0.007340959734590881 0.0 0.010635749419045321 0.9999258776676323 -0.005926213370318619 0.0 -0.0072776442812164345 0.006003797835662482 0.9999554941622475 0.0 1.8990880250930786 0.04409889131784439 0.11065082997083664 1.0
1403046015 200956000 0.9999087517032087 -0.003708048826636204 0.012989943850155896 0.0 0.003583569122234868 0.9999475650118259 0.009592979686536916 0.0 -0.013024833959674338 -0.009545553981798384 0.9998696095489169 0.0 1.9325498800523342 0.02167824765425845 0.022116898774026658 1.0
1403046015 588012000 0.9997442934382027 -0.008973292933533675 -0.02075639062259814 0.0 0.008704928142542805 0.9998778166893514 -0.012983678930451752 0.0 0.02087036089247265 0.012799676029684699 0.9997002532408167 0.0 2.0730531215667725 0.07639863342046738 0.045337703078985214 1.0
1403046015 975100000 0.9999191316148884 0.008994582640700851 0.008990423440925566 0.0 -0.009116412351914693 0.9998659129825817 0.013603201143054878 0.0 -0.00886686282500176 -0.013684061481451888 0.9998670537651566 0.0 2.0573706560395553 0.02861729450284499 0.09377480682693169 1.0
1403046016 362172000 0.999852209955499 0.0023950782354313534 -0.017024154820463946 0.0 -0.00252548086448672 0.999967606603937 -0.007642492341969536 0.0 0.01700529898320151 0.0076843570349193575 0.9998258700711099 0.0 2.157641887664795 0.07324550300836563 0.08432090282440186 1.0
1403046016 749296000 0.9990235464933199 0.03379300882596361 -0.02846025485476023 0.0 -0.03302852668647078 0.9990919015106029 0.026916328888781624 0.0 0.0293439938800199 -0.02595004605807701 0.9992324680137016 0.0 2.1763433648040262 0.0711878950895165 -0.03847927149467345 1.0
1403046017 136303000 0.9997667511480156 0.02101102298039871 -0.004998020834190654 0.0 -0.0211070342371045 0.9995771046594695 -0.02000262348557566 0.0 0.004575631612744308 0.020103451293475995 0.9997874348287416 0.0 2.1126739978790283 0.16882666945457458 0.05237273871898651 1.0
1403046017 523369000 0.9994933926852796 -0.016934754782072833 0.02694757983457241 0.0 0.016580939428060652 0.999774072346247 0.013299500437392841 0.0 -0.02716671540971738 -0.012845946624219255 0.9995483736313991 0.0 1.977701039791095 -0.014972321749317535 0.14271596627454824 1.0
1403046017 910439000 0.9993562521123879 -0.011160846450395525 0.0340957016410007 0.0 0.011000423247981988 0.9999275412552183 0.004889062042862107 0.0 -0.034147797180004186 -0.0045108475705116875 0.9994066140475302 0.0 1.8701456785202026 -0.014364661648869514 0.13194486498832703 1.0
1403046018 297538000 0.999315683383533 -0.009471528616367488 -0.03575549033885053 0.0 0.00839238709315326 0.9995082953437598 -0.030211510685333332 0.0 0.0360240583857646 0.029890762530933656 0.998903803943472 0.0 1.9210435318902896 0.10140990821997353 -0.05861304732552621 1.0
1403046018 684581000 0.9999179195371416 -0.008046067797380875 -0.009970706169294926 0.0 0.008202244411180433 0.9998427440487867 0.015722924651975792 0.0 0.009842630498689097 -0.01580341627599549 0.9998266723081927 0.0 1.825760841369629 -0.012234851717948914 0.12716278433799744 1.0
1403046019 71664000 0.9994207244907782 -0.028820460502134725 0.01809962747607807 0.0 0.02893442504461607 0.9995629029576956 -0.006066471636946427 0.0 -0.01791687767624153 0.00658665979304181 0.999817784102236 0.0 1.8241384587427165 -0.006121897244831738 0.05632763007798014 1.0
1403046019 539802000 0.9989597552632179 -0.04541612817011968 0.004096665288640765 0.0 0.04536617133369181 0.9989035518105195 0.011558749017562275 0.0 -0.004617127134269981 -0.011360875070351703 0.9999248035000742 0.0 2.290534019470215 -0.06394671648740768 0.10658708959817886 1.0
1403046019 845864000 0.9999694722047987 -8.479947936652821e-05 -0.007813287880561801 0.0 0.00023982302418188432 0.9998030951518364 0.019842212823297508 0.0 0.007810066796981124 -0.01984348089061642 0.9997725937045736 0.0 1.6054211185879752 -0.04722365322118903 0.016054647751442427 1.0
1403046020 232882000 0.9999428017292116 -0.006887606640036229 -0.008182551234600217 0.0 0.006876190445050418 0.9999753469417342 -0.0014225026263022268 0.0 0.008192147148222254 0.0013661564809963167 0.9999655105760256 0.0 2.095327854156494 0.02276090532541275 0.061458807438611984 1.0
1403046020 619984000 0.9998755421717825 -0.005771790115415044 -0.014682867756252691 0.0 0.005832186254928341 0.99997469420559 0.004073886587095006 0.0 0.014658982576285187 -0.00415901277952892 0.9998839016818543 0.0 2.1915421680866234 0.004925264437800926 0.03468053934413452 1.0
1403046021 7009000 0.9997257700088819 0.023351195201514144 0.0017625160450571989 0.0 -0.023371761225527726 0.9996458680571442 0.012723963749381307 0.0 -0.0014647721205770558 -0.012761667561076563 0.999917493738206 0.0 2.196093797683716 0.053597137331962585 0.09828159213066101 1.0
1403046021 394078000 0.9998022528908238 0.019679449150725534 -0.0028590899875812095 0.0 -0.019614522491692318 0.9995829385534034 0.02119479795529683 0.0 0.0032749995199962043 -0.02113452706040441 0.9997712769149137 0.0 2.2230033749942306 0.031444915703812686 0.09465790912802718 1.0
1403046021 875034000 0.9997437365577769 0.018563476803011836 -0.012956023405283072 0.0 -0.018327556445818956 0.9996682536578687 0.018096499754158914 0.0 0.01328765924531184 -0.01785441003256605 0.9997522983990431 0.0 2.7753944396972656 0.028882790356874466 0.06778741627931595 1.0
1403046022 168216000 0.9997565074754338 0.019788804032020813 -0.009763656871550145 0.0 -0.01963604051010819 0.9996870159729309 0.015501484065166764 0.0 0.010067356833274645 -0.015305990007820656 0.9998321734152548 0.0 1.6714542410152995 0.006239978873448819 0.022339285979340984 1.0
1403046022 555295000 0.9993871519816228 0.03476946704710393 0.004050261142349167 0.0 -0.034726079122253534 0.9993434711353294 -0.010330833847560806 0.0 -0.004406799616031631 0.010183852927614137 0.9999384327330822 0.0 2.116788864135742 0.10951033234596252 0.10218127071857452 1.0
1403046022 942373000 0.9987277021343031 0.04492743498588638 0.022902021201712863 0.0 -0.0452523042529887 0.9988793017287543 0.013869734592674666 0.0 -0.02225322334696018 -0.014888457390382933 0.9996414996823637 0.0 2.056859050693819 0.0558630040213474 0.10076600327861478 1.0
1403046023 329433000 0.9995967346823418 0.026774934625878436 -0.00945890523157137 0.0 -0.02705247407745859 0.9991672186839198 -0.03054558484836092 0.0 0.00863317199459986 0.03078915366196221 0.9994886174229758 0.0 2.104067087173462 0.15319877862930298 0.07587699592113495 1.0
1403046023 716529000 0.9992556950930038 -0.0011559686554807433 0.03855800255025157 0.0 0.0015415225485908412 0.9999490992262021 -0.009971091461776927 0.0 -0.03854451364889492 0.010023107959833657 0.9992066141566496 0.0 2.0142262977609007 0.048549467336786084 0.1422586876462833 1.0
1403046024 103579000 0.9997243462337294 -0.02105480836952935 0.010388772404120833 0.0 0.02122965793037675 0.9996297822446554 -0.017017640073230516 0.0 -0.010026623145477103 0.01723349918110732 0.9998012169097782 0.0 2.0286974906921387 0.02484332025051117 0.1504756659269333 1.0
1403046024 490641000 0.9999326700053196 -0.0060412549033305955 -0.009907507013648925 0.0 0.006189986565947129 0.9998675714646972 0.015050700967134324 0.0 0.009815269855990343 -0.015111014938834787 0.9998376456731225 0.0 2.016782246986808 -0.023374573749885816 0.010955585912395205 1.0
1403046024 877709000 0.9994830664587542 -0.009432359241022016 -0.030734841163637883 0.0 0.008815786026193352 0.9997583990594007 -0.020135178840146595 0.0 0.030917337837306064 0.019853818507597466 0.9993247440705756 0.0 2.032677412033081 0.060601115226745605 0.010914375074207783 1.0
1403046025 314822000 0.9999697320106044 -0.005626039422699487 0.0053742667457563915 0.0 0.005472944947531752 0.999590452897154 0.028088669432067847 0.0 -0.005530093691936733 -0.02805840617848646 0.9995909883079587 0.0 2.1874657471727814 -0.058375021014935705 0.10692712555814439 1.0
1403046025 651856000 0.9998898784661296 0.008055245969089853 0.012463705442843209 0.0 -0.00800195384568771 0.9999586533364773 -0.004319762973845722 0.0 -0.01249798686349051 0.004219553279221208 0.9999129940622253 0.0 1.74630868434906 0.03748685121536255 0.07818141579627991 1.0
1403046026 38954000 0.9996700975770506 0.02362924318499857 -0.010067515919739917 0.0 -0.023535755183403433 0.9996796862207301 0.009305545957620304 0.0 0.010284174164069597 -0.009065529445470004 0.9999060215528439 0.0 2.12536308785541 0.051555347079506306 0.033506038503141176 1.0
1403046026 425996000 0.9999264271671725 0.010549632833612932 0.0059871111372079054 0.0 -0.010578334409542926 0.9999326102973842 0.004782646231885756 0.0 -0.005936252505849384 -0.004845628022810549 0.9999706399666198 0.0 2.167719841003418 0.05668903887271881 0.13874617218971252 1.0
1403046026 813066000 0.9999081906779145 0.012346582700072935 -0.005583198979948663 0.0 -0.012365222675955793 0.9999180477588554 -0.003316479201401922 0.0 0.0055417942395463195 0.0033852122163259644 0.9999789142051231 0.0 2.2933181313987423 0.07412690522795415 0.015294362436446163 1.0
1403046027 200181000 0.9993503285976979 0.022826083165333733 0.02789069126075146 0.0 -0.023055974995801327 0.9997025737635173 0.007948963931995385 0.0 -0.02770095212562691 -0.008586846797774337 0.9995793731932473 0.0 2.22334361076355 0.05813499540090561 0.17484302818775177 1.0
1403046027 587217000 0.9994443676509932 0.027665810147039796 0.018589215142504566 0.0 -0.027777260543551105 0.9995975180607503 0.005764172402330966 0.0 -0.018422262819807186 -0.006277327113992453 0.9998105897603314 0.0 2.182993070972017 0.07730431475485114 0.0971326159650212 1.0
